(0, 0)
(0, 0)
(0, 0)
(0, 0)
(0, 0)
(0, 0)
(0, 0)
(0, 0)
(0, 0)
(0, 0)
(0, 0)
(0, 0)
(0, 0)
(0, 0)
(0, 0)
(0, 0)
(0, 0)
(0, 0)
(0, 0)
(0, 0)
(0, 0)
(0, 0)
(0, 0)
(0, 0)
(0, 0)
(0, 0)
(0, 0)
(0, 0)
(0, 0)
(0, 0)
(0, 0)
(0, 0)
(0, 0)
(0, 0)
(0, 0)
(0, 0)
(0, 0)
(0, 0)
(0, 0)
(0, 0)
(0, 0)
(0, 0)
(0, 0)
(0, 0)
(0, 0)
(0, 0)
(0, 0)
(0, 0)
(0, 0)
(0, 0)
(0, 0)
(0, 0)
(0, 0)
(0, 0)
(0, 0)
(0, 0)
(0, 0)
(0, 0)
(0, 0)
(0, 0)
(0, 0)
(0, 0)
(0, 0)
(0, 0)
(0, 0)
(0, 0)
(0, 0)
(0, 0)
(0, 0)
(0, 0)
(0, 0)
(0, 0)
(0, 0)
(0, 0)
(0, 0)
(0, 0)
(0, 0)
(0, 0)
(0, 0)
(0, 0)
(0, 0)
(0, 0)
(0, 0)
(0, 0)
(0, 0)
(0, 0)
(0, 0)
(0, 0)
(0, 0)
(0, 0)
(0, 0)
(0, 0)
(0, 0)
(0, 0)
(0, 0)
(0, 0)
(0, 0)
(0, 0)
(0, 0)
(0, 0)
(0, 0)
(0, 0)
(0, 0)
(0, 0)
(0, 0)
(0, 0)
(0, 0)
(0, 0)
(0, 0)
(0, 0)
(0, 0)
(0, 0)
(0, 0)
(0, 0)
(0, 0)
(0, 0)
(0, 0)
(0, 0)
(0, 0)
(0, 0)
(0, 0)
(0, 0)
(0, 0)
(0, 0)
(0, 0)
(0, 0)
(0, 0)
(0, 0)
(0, 0)
(0, 0)
(0, 0)
(0, 0)
(0, 0)
(0, 0)
(0, 0)
(0, 0)
(0, 0)
(0, 0)
(0, 0)
(0, 0)
(0, 0)
(0, 0)
(0, 0)
(0, 0)
(0, 0)
(0, 0)
(0, 0)
(0, 0)
(0, 0)
(0, 0)
(0, 0)
(0, 0)
(0, 0)
(0, 0)
(0, 0)
(1027, 271)
(1028, 271)
(1028, 271)
(1028, 271)
(1028, 271)
(1028, 271)
(1025, 271)
(1025, 271)
(1025, 271)
(1024, 271)
(1024, 271)
(1024, 271)
(1024, 271)
(1024, 271)
(1024, 271)
(1025, 271)
(1025, 271)
(1025, 271)
(1025, 271)
(1025, 271)
(1025, 271)
(1025, 271)
(1025, 271)
(1025, 271)
(1025, 271)
(1025, 271)
(1025, 271)
(1025, 271)
(1025, 271)
(1025, 271)
(1025, 271)
(1025, 271)
(1025, 271)
(1025, 271)
(1025, 271)
(1025, 271)
(1025, 271)
(1025, 271)
(1025, 271)
(1025, 271)
(1025, 271)
(1025, 271)
(1025, 271)
(1025, 271)
(1025, 271)
(1025, 272)
(1025, 272)
(1025, 272)
(1025, 272)
(1025, 272)
(1025, 272)
(1025, 272)
(1025, 272)
(1025, 272)
(1025, 272)
(1025, 272)
(1025, 272)
(1025, 272)
(1025, 272)
(1025, 272)
(1025, 272)
(1025, 272)
(1025, 272)
(1034, 272)
(1034, 272)
(1034, 272)
(1034, 272)
(1034, 272)
(1034, 272)
(1034, 272)
(1034, 272)
(1034, 272)
(1034, 272)
(1034, 272)
(1034, 272)
(1034, 272)
(1034, 272)
(1026, 273)
(1026, 279)
(1026, 279)
(1026, 279)
(1026, 279)
(1026, 279)
(1026, 279)
(1017, 274)
(1010, 316)
(1009, 324)
(1009, 331)
(1017, 311)
(1015, 315)
(1012, 316)
(1005, 315)
(998, 317)
(987, 322)
(957, 325)
(946, 328)
(967, 323)
(961, 314)
(959, 315)
(1023, 269)
(1025, 270)
(1025, 270)
(1032, 272)
(886, 347)
(881, 347)
(875, 345)
(869, 347)
(865, 349)
(860, 351)
(857, 354)
(850, 356)
(845, 355)
(837, 350)
(831, 339)
(830, 332)
(830, 330)
(831, 333)
(820, 334)
(813, 335)
(807, 336)
(803, 333)
(802, 333)
(797, 338)
(800, 338)
(801, 340)
(801, 342)
(798, 331)
(790, 324)
(784, 319)
(779, 313)
(776, 305)
(777, 297)
(778, 296)
(782, 302)
(788, 305)
(792, 308)
(794, 308)
(795, 304)
(794, 300)
(794, 294)
(792, 280)
(788, 280)
(788, 280)
(790, 272)
(795, 259)
(800, 250)
(805, 245)
(808, 247)
(808, 250)
(808, 257)
(807, 262)
(803, 268)
(795, 266)
(788, 263)
(785, 260)
(784, 256)
(783, 255)
(785, 254)
(785, 252)
(784, 252)
(783, 251)
(781, 251)
(779, 250)
(776, 250)
(773, 247)
(771, 244)
(770, 241)
(768, 238)
(767, 235)
(767, 232)
(768, 229)
(770, 226)
(769, 225)
(768, 223)
(764, 222)
(763, 222)
(762, 221)
(760, 218)
(757, 213)
(756, 207)
(758, 200)
(759, 193)
(756, 185)
(750, 178)
(744, 170)
(740, 165)
(736, 159)
(733, 155)
(733, 150)
(735, 143)
(735, 136)
(738, 127)
(738, 121)
(734, 118)
(730, 114)
(727, 110)
(725, 106)
(724, 100)
(724, 98)
(723, 96)
(720, 93)
(719, 90)
(716, 90)
(716, 89)
(716, 92)
(716, 93)
(720, 93)
(722, 92)
(722, 91)
(723, 87)
(724, 82)
(725, 77)
(723, 73)
(722, 69)
(724, 64)
(727, 57)
(734, 53)
(742, 51)
(743, 50)
(745, 49)
(745, 51)
(743, 53)
(742, 56)
(743, 58)
(744, 61)
(745, 65)
(747, 68)
(749, 73)
(751, 77)
(755, 83)
(759, 88)
(760, 93)
(759, 97)
(760, 106)
(767, 110)
(774, 115)
(784, 114)
(796, 115)
(799, 121)
(806, 124)
(811, 121)
(812, 129)
(817, 139)
(820, 139)
(817, 147)
(810, 164)
(808, 170)
(807, 171)
(801, 178)
(808, 188)
(808, 183)
(811, 185)
(822, 180)
(824, 188)
(821, 189)
(831, 196)
(837, 198)
(838, 197)
(843, 191)
(855, 186)
(860, 189)
(862, 191)
(864, 195)
(863, 207)
(862, 216)
(863, 224)
(866, 235)
(871, 242)
(875, 246)
(880, 252)
(884, 256)
(889, 261)
(895, 267)
(899, 271)
(901, 274)
(904, 280)
(908, 282)
(913, 287)
(930, 294)
(933, 297)
(938, 298)
(940, 302)
(941, 303)
(943, 303)
(943, 304)
(944, 302)
(945, 302)
(947, 302)
(948, 303)
(950, 303)
(951, 307)
(950, 310)
(950, 313)
(950, 315)
(949, 315)
(951, 316)
(951, 317)
(951, 317)
(950, 317)
(951, 317)
(950, 317)
(950, 317)
(950, 317)
(950, 317)
(950, 318)
(950, 318)
(950, 318)
(950, 318)
(950, 318)
(950, 318)
(951, 318)
(951, 318)
(952, 318)
(952, 318)
(952, 318)
(952, 318)
(952, 318)
(952, 318)
(952, 318)
(952, 318)
(952, 318)
(952, 318)
(952, 318)
(952, 318)
(952, 318)
(953, 318)
(953, 318)
(953, 318)
(953, 318)
(954, 318)
(954, 318)
(954, 319)
(953, 319)
(953, 319)
(953, 319)
(953, 319)
(954, 319)
(954, 319)
(954, 319)
(954, 319)
(954, 319)
(954, 319)
(953, 319)
(953, 319)
(953, 319)
(953, 320)
(953, 320)
(954, 320)
(954, 320)
(954, 320)
(954, 320)
(954, 320)
(954, 320)
(954, 320)
(953, 320)
(953, 320)
(953, 320)
(953, 320)
(953, 320)
(953, 320)
(953, 320)
(953, 320)
(953, 320)
(953, 320)
(953, 320)
(953, 320)
(953, 320)
(953, 320)
(953, 320)
(953, 319)
(953, 319)
(953, 319)
(953, 320)
(953, 320)
(953, 320)
(953, 320)
(953, 320)
(953, 319)
(953, 317)
(953, 317)
(953, 317)
(953, 317)
(952, 317)
(952, 317)
(952, 318)
(952, 318)
(952, 318)
(952, 318)
(952, 317)
(952, 317)
(952, 317)
(952, 318)
(952, 318)
(952, 313)
(952, 313)
(951, 313)
(951, 313)
(951, 313)
(951, 313)
(952, 313)
(952, 313)
(952, 318)
(952, 314)
(952, 314)
(939, 314)
(939, 314)
(939, 315)
(939, 315)
(939, 315)
(940, 315)
(940, 315)
(940, 315)
(940, 315)
(940, 315)
(940, 315)
(940, 315)
(940, 315)
(940, 315)
(940, 315)
(940, 315)
(940, 315)
(940, 315)
(940, 315)
(940, 321)
(940, 321)
(940, 321)
(940, 321)
(940, 321)
(940, 321)
(940, 321)
(940, 321)
(940, 321)
(940, 321)
(940, 321)
(940, 321)
(940, 321)
(940, 321)
(940, 321)
(940, 321)
(931, 314)
(931, 314)
(931, 316)
(930, 316)
(930, 318)
(929, 318)
(925, 316)
(937, 316)
(937, 316)
(933, 304)
(936, 318)
(936, 318)
(936, 318)
(932, 302)
(932, 303)
(932, 303)
(932, 303)
(928, 310)
(927, 309)
(940, 307)
(952, 312)
(950, 313)
(951, 313)
(951, 313)
(949, 313)
(946, 314)
(924, 290)
(924, 286)
(924, 284)
(921, 286)
(920, 291)
(917, 292)
(914, 294)
(911, 297)
(908, 298)
(903, 300)
(899, 301)
(896, 303)
(891, 305)
(887, 311)
(882, 316)
(876, 322)
(872, 326)
(867, 328)
(861, 330)
(859, 334)
(856, 342)
(854, 351)
(850, 360)
(846, 374)
(844, 382)
(844, 391)
(841, 401)
(838, 413)
(833, 424)
(828, 431)
(821, 437)
(808, 442)
(802, 448)
(801, 452)
(800, 456)
(796, 461)
(788, 465)
(780, 470)
(774, 476)
(768, 489)
(762, 494)
(757, 496)
(750, 496)
(744, 498)
(739, 501)
(731, 507)
(725, 515)
(720, 523)
(715, 534)
(711, 542)
(709, 550)
(707, 553)
(701, 558)
(694, 564)
(687, 580)
(682, 585)
(675, 588)
(668, 591)
(661, 594)
(653, 598)
(651, 604)
(642, 614)
(642, 620)
(634, 624)
(628, 628)
(621, 631)
(620, 634)
(618, 637)
(615, 642)
(608, 648)
(601, 655)
(596, 658)
(588, 661)
(580, 661)
(572, 660)
(563, 659)
(559, 659)
(553, 660)
(544, 664)
(534, 666)
(528, 672)
(523, 672)
(522, 667)
(515, 664)
(503, 660)
(489, 655)
(478, 652)
(468, 649)
(460, 647)
(453, 645)
(444, 643)
(431, 641)
(420, 639)
(407, 635)
(403, 634)
(398, 633)
(392, 632)
(385, 628)
(378, 622)
(374, 613)
(368, 605)
(363, 605)
(359, 605)
(356, 605)
(339, 595)
(330, 593)
(316, 588)
(308, 588)
(304, 586)
(300, 587)
(293, 588)
(285, 585)
(279, 583)
(269, 574)
(261, 568)
(252, 568)
(244, 564)
(238, 555)
(226, 550)
(221, 545)
(214, 539)
(208, 532)
(201, 525)
(199, 522)
(194, 516)
(189, 509)
(188, 506)
(186, 500)
(184, 495)
(184, 491)
(180, 483)
(180, 479)
(178, 476)
(174, 469)
(173, 466)
(173, 462)
(173, 458)
(171, 449)
(171, 446)
(166, 434)
(167, 429)
(167, 423)
(167, 405)
(166, 399)
(166, 394)
(167, 387)
(167, 384)
(169, 379)
(171, 369)
(171, 362)
(172, 356)
(174, 348)
(177, 343)
(177, 337)
(178, 328)
(178, 324)
(182, 320)
(185, 317)
(188, 307)
(191, 299)
(193, 293)
(196, 285)
(197, 272)
(198, 267)
(200, 261)
(200, 253)
(202, 246)
(204, 242)
(207, 238)
(209, 236)
(209, 232)
(211, 229)
(212, 225)
(212, 222)
(212, 220)
(214, 218)
(212, 215)
(214, 213)
(215, 212)
(216, 211)
(216, 197)
(216, 197)
(217, 196)
(216, 186)
(216, 182)
(219, 180)
(218, 179)
(218, 173)
(217, 171)
(213, 161)
(212, 149)
(209, 144)
(205, 142)
(203, 138)
(198, 138)
(196, 137)
(195, 133)
(194, 131)
(191, 129)
(188, 127)
(186, 126)
(186, 126)
(185, 123)
(183, 121)
(182, 123)
(181, 119)
(180, 120)
(180, 119)
(179, 121)
(179, 121)
(177, 119)
(177, 119)
(175, 112)
(175, 110)
(174, 109)
(174, 108)
(174, 103)
(174, 102)
(173, 102)
(172, 102)
(172, 102)
(172, 102)
(172, 102)
(171, 102)
(171, 106)
(171, 105)
(171, 105)
(171, 105)
(171, 105)
(171, 105)
(171, 105)
(170, 106)
(170, 106)
(170, 106)
(170, 107)
(170, 108)
(171, 107)
(172, 107)
(172, 106)
(172, 106)
(172, 106)
(172, 108)
(172, 108)
(172, 108)
(177, 109)
(183, 109)
(190, 108)
(194, 113)
(214, 112)
(215, 110)
(216, 110)
(217, 106)
(224, 103)
(231, 98)
(238, 93)
(245, 91)
(255, 85)
(269, 84)
(279, 82)
(294, 79)
(303, 81)
(313, 84)
(331, 79)
(348, 79)
(363, 80)
(367, 82)
(377, 83)
(389, 85)
(403, 84)
(417, 87)
(423, 92)
(432, 92)
(457, 104)
(463, 107)
(473, 108)
(479, 112)
(491, 116)
(513, 122)
(529, 128)
(540, 135)
(553, 140)
(562, 149)
(575, 154)
(596, 157)
(613, 157)
(628, 157)
(643, 162)
(656, 170)
(672, 180)
(689, 189)
(701, 191)
(714, 198)
(727, 204)
(739, 211)
(754, 215)
(766, 220)
(775, 223)
(781, 222)
(788, 222)
(794, 225)
(800, 228)
(805, 234)
(810, 238)
(814, 243)
(818, 248)
(822, 252)
(826, 255)
(829, 253)
(834, 258)
(840, 258)
(844, 259)
(848, 259)
(849, 260)
(846, 260)
(843, 260)
(841, 260)
(839, 260)
(839, 260)
(838, 260)
(838, 260)
(838, 260)
(838, 260)
(839, 260)
(839, 260)
(839, 260)
(840, 260)
(840, 260)
(840, 260)
(840, 260)
(839, 260)
(840, 260)
(840, 260)
(840, 260)
(840, 260)
(840, 260)
(840, 260)
(840, 260)
(840, 260)
(840, 260)
(840, 260)
(840, 260)
(839, 260)
(839, 260)
(839, 260)
(839, 260)
(839, 259)
(839, 259)
(839, 259)
(839, 259)
(839, 259)
(839, 259)
(838, 259)
(838, 259)
(837, 261)
(836, 263)
(834, 267)
(833, 268)
(833, 270)
(833, 271)
(833, 272)
(835, 272)
(827, 259)
(827, 259)
(827, 258)
(827, 258)
(827, 258)
(827, 258)
(826, 258)
(834, 267)
(836, 267)
(836, 266)
(837, 264)
(839, 262)
(840, 262)
(840, 262)
(840, 262)
(840, 262)
(840, 262)
(840, 261)
(840, 263)
(841, 262)
(842, 263)
(845, 263)
(849, 265)
(852, 264)
(857, 262)
(861, 262)
(867, 264)
(872, 265)
(876, 265)
(881, 265)
(886, 265)
(891, 262)
(898, 264)
(902, 264)
(907, 269)
(911, 275)
(916, 281)
(917, 283)
(917, 285)
(920, 288)
(921, 289)
(926, 290)
(928, 291)
(929, 291)
(930, 294)
(938, 298)
(939, 302)
(941, 303)
(942, 303)
(944, 303)
(946, 304)
(945, 302)
(944, 301)
(943, 298)
(942, 295)
(940, 293)
(940, 292)
(939, 292)
(939, 292)
(940, 292)
(940, 292)
(940, 292)
(940, 292)
(940, 292)
(932, 292)
(932, 292)
(932, 292)
(933, 292)
(933, 292)
(946, 293)
(946, 293)
(946, 293)
(947, 293)
(947, 293)
(947, 293)
(949, 293)
(949, 293)
(949, 293)
(949, 293)
(949, 293)
(936, 293)
(936, 292)
(937, 292)
(939, 292)
(939, 292)
(939, 291)
(940, 291)
(957, 291)
(957, 291)
(959, 291)
(959, 291)
(957, 291)
(957, 291)
(957, 292)
(958, 294)
(959, 294)
(960, 295)
(960, 295)
(944, 296)
(944, 296)
(944, 296)
(944, 297)
(944, 297)
(944, 297)
(944, 296)
(944, 295)
(946, 292)
(946, 290)
(946, 288)
(962, 273)
(962, 271)
(962, 268)
(962, 263)
(962, 261)
(962, 261)
(962, 260)
(964, 260)
(964, 260)
(964, 260)
(967, 262)
(968, 263)
(970, 266)
(972, 268)
(972, 272)
(972, 278)
(956, 283)
(959, 289)
(958, 292)
(958, 291)
(957, 286)
(954, 282)
(952, 276)
(948, 273)
(945, 273)
(943, 273)
(943, 273)
(943, 273)
(943, 275)
(945, 274)
(948, 274)
(948, 279)
(950, 284)
(952, 286)
(953, 286)
(953, 283)
(953, 280)
(953, 276)
(951, 271)
(946, 268)
(943, 268)
(943, 266)
(941, 265)
(941, 263)
(942, 263)
(943, 262)
(939, 262)
(940, 261)
(940, 258)
(940, 258)
(940, 258)
(940, 257)
(938, 256)
(934, 256)
(931, 255)
(925, 255)
(921, 256)
(919, 256)
(919, 257)
(919, 257)
(918, 256)
(918, 256)
(919, 256)
(921, 256)
(927, 257)
(928, 257)
(933, 258)
(935, 260)
(938, 261)
(939, 262)
(939, 261)
(939, 260)
(939, 262)
(940, 266)
(940, 265)
(944, 263)
(946, 261)
(950, 263)
(951, 267)
(952, 268)
(954, 267)
(953, 261)
(950, 253)
(946, 252)
(945, 251)
(943, 250)
(943, 248)
(943, 247)
(944, 247)
(945, 246)
(950, 246)
(954, 247)
(958, 247)
(963, 246)
(967, 245)
(968, 245)
(970, 245)
(970, 245)
(970, 245)
(970, 245)
(969, 245)
(969, 245)
(968, 245)
(968, 245)
(968, 245)
(968, 245)
(968, 245)
(968, 245)
(968, 245)
(969, 245)
(972, 245)
(972, 245)
(972, 246)
(972, 247)
(973, 248)
(975, 248)
(980, 245)
(983, 240)
(985, 227)
(987, 228)
(987, 228)
(1011, 269)
(1010, 253)
(981, 226)
(981, 226)
(980, 225)
(977, 224)
(975, 223)
(973, 224)
(972, 226)
(972, 236)
(972, 241)
(972, 238)
(971, 235)
(972, 230)
(976, 228)
(979, 223)
(982, 223)
(983, 224)
(982, 227)
(980, 228)
(979, 227)
(975, 228)
(981, 267)
(983, 266)
(958, 228)
(963, 244)
(976, 240)
(963, 240)
(960, 243)
(958, 249)
(951, 249)
(942, 249)
(938, 253)
(933, 251)
(931, 251)
(930, 251)
(928, 248)
(928, 246)
(931, 246)
(935, 244)
(937, 244)
(940, 243)
(940, 243)
(938, 243)
(937, 243)
(935, 243)
(933, 236)
(933, 232)
(933, 229)
(933, 229)
(932, 230)
(932, 231)
(931, 234)
(929, 238)
(931, 234)
(929, 233)
(932, 228)
(935, 229)
(934, 229)
(931, 233)
(930, 228)
(935, 217)
(939, 212)
(939, 222)
(934, 225)
(926, 227)
(921, 238)
(915, 244)
(914, 243)
(916, 242)
(914, 239)
(911, 235)
(906, 232)
(900, 227)
(897, 220)
(896, 211)
(898, 207)
(895, 211)
(889, 213)
(885, 213)
(878, 223)
(875, 223)
(872, 223)
(875, 224)
(876, 225)
(877, 223)
(874, 221)
(873, 220)
(869, 219)
(868, 215)
(871, 206)
(875, 199)
(879, 197)
(880, 197)
(879, 198)
(878, 201)
(876, 203)
(873, 206)
(868, 208)
(864, 211)
(861, 217)
(859, 220)
(858, 220)
(857, 220)
(858, 220)
(858, 221)
(859, 221)
(862, 221)
(861, 222)
(862, 222)
(863, 221)
(866, 221)
(866, 220)
(867, 219)
(868, 218)
(868, 216)
(868, 215)
(868, 215)
(869, 213)
(869, 210)
(868, 208)
(869, 207)
(869, 203)
(871, 203)
(870, 205)
(866, 210)
(862, 217)
(856, 212)
(851, 202)
(850, 201)
(849, 205)
(850, 213)
(851, 216)
(851, 215)
(850, 213)
(850, 209)
(849, 207)
(849, 208)
(845, 206)
(849, 214)
(849, 223)
(844, 229)
(842, 225)
(850, 219)
(854, 214)
(856, 212)
(853, 214)
(847, 219)
(842, 226)
(834, 237)
(834, 248)
(837, 259)
(837, 264)
(832, 268)
(830, 273)
(828, 277)
(827, 281)
(829, 285)
(826, 287)
(822, 281)
(818, 273)
(808, 273)
(809, 274)
(800, 276)
(791, 277)
(785, 282)
(784, 287)
(786, 291)
(786, 294)
(787, 298)
(787, 300)
(787, 302)
(790, 302)
(794, 310)
(798, 316)
(801, 322)
(800, 326)
(799, 327)
(798, 326)
(796, 324)
(795, 318)
(791, 311)
(785, 304)
(783, 302)
(783, 302)
(782, 302)
(783, 303)
(784, 303)
(785, 303)
(788, 302)
(789, 302)
(791, 302)
(793, 305)
(795, 308)
(795, 308)
(796, 306)
(795, 303)
(794, 303)
(792, 303)
(791, 303)
(789, 303)
(789, 303)
(789, 303)
(790, 303)
(791, 303)
(793, 303)
(793, 303)
(793, 303)
(794, 303)
(793, 303)
(793, 303)
(792, 303)
(792, 303)
(792, 303)
(791, 303)
(792, 303)
(792, 303)
(792, 303)
(793, 303)
(793, 303)
(792, 303)
(792, 303)
(792, 303)
(791, 303)
(791, 303)
(791, 303)
(792, 303)
(792, 303)
(792, 303)
(792, 303)
(792, 303)
(792, 303)
(792, 303)
(792, 303)
(792, 303)
(792, 303)
(792, 303)
(792, 303)
(793, 303)
(793, 303)
(793, 303)
(792, 303)
(792, 303)
(793, 303)
(793, 303)
(793, 303)
(793, 303)
(793, 303)
(793, 303)
(794, 303)
(794, 303)
(794, 302)
(794, 302)
(793, 302)
(793, 301)
(792, 301)
(790, 301)
(788, 301)
(788, 301)
(788, 301)
(787, 301)
(788, 301)
(787, 302)
(787, 304)
(776, 306)
(775, 307)
(775, 309)
(775, 312)
(775, 315)
(773, 319)
(773, 322)
(772, 322)
(779, 322)
(779, 320)
(776, 315)
(771, 309)
(768, 302)
(766, 299)
(768, 299)
(769, 301)
(771, 304)
(768, 312)
(775, 319)
(780, 290)
(781, 291)
(777, 298)
(772, 301)
(772, 300)
(774, 301)
(772, 300)
(772, 300)
(772, 301)
(771, 301)
(771, 302)
(770, 301)
(768, 302)
(766, 304)
(766, 305)
(765, 306)
(765, 307)
(764, 308)
(764, 309)
(764, 310)
(764, 311)
(765, 312)
(765, 312)
(765, 311)
(764, 310)
(766, 308)
(766, 306)
(766, 304)
(766, 304)
(768, 304)
(768, 303)
(768, 304)
(768, 305)
(768, 306)
(766, 307)
(766, 308)
(765, 309)
(766, 310)
(765, 310)
(765, 310)
(765, 310)
(765, 310)
(765, 311)
(765, 311)
(765, 311)
(764, 311)
(764, 311)
(764, 311)
(764, 311)
(764, 311)
(764, 311)
(764, 311)
(765, 311)
(765, 311)
(765, 311)
(765, 311)
(763, 311)
(762, 312)
(762, 312)
(761, 313)
(761, 313)
(761, 315)
(762, 315)
(762, 315)
(762, 316)
(762, 316)
(762, 316)
(761, 317)
(762, 317)
(761, 316)
(767, 316)
(766, 317)
(763, 315)
(758, 314)
(755, 310)
(753, 309)
(747, 312)
(745, 313)
(728, 334)
(718, 336)
(718, 329)
(716, 321)
(709, 311)
(699, 307)
(691, 303)
(686, 304)
(682, 302)
(668, 300)
(657, 298)
(642, 300)
(629, 299)
(616, 296)
(604, 298)
(598, 296)
(588, 296)
(571, 300)
(569, 302)
(561, 302)
(553, 300)
(538, 298)
(523, 304)
(506, 314)
(496, 323)
(482, 328)
(468, 338)
(454, 341)
(436, 347)
(424, 349)
(418, 353)
(401, 354)
(386, 357)
(379, 360)
(358, 354)
(341, 356)
(331, 362)
(319, 367)
(313, 369)
(302, 364)
(290, 361)
(274, 356)
(266, 351)
(258, 345)
(250, 339)
(246, 335)
(239, 329)
(224, 323)
(221, 316)
(212, 312)
(210, 308)
(208, 306)
(197, 301)
(203, 295)
(194, 291)
(187, 284)
(183, 281)
(166, 268)
(178, 267)
(177, 266)
(178, 264)
(164, 262)
(163, 260)
(152, 255)
(151, 250)
(173, 247)
(173, 245)
(169, 226)
(147, 228)
(147, 228)
(146, 227)
(65, 204)
(145, 224)
(144, 223)
(144, 222)
(143, 221)
(143, 221)
(135, 219)
(131, 221)
(129, 220)
(127, 222)
(127, 224)
(125, 226)
(124, 226)
(122, 226)
(121, 227)
(120, 229)
(119, 231)
(119, 231)
(119, 234)
(119, 238)
(119, 242)
(118, 249)
(118, 255)
(117, 264)
(146, 263)
(146, 266)
(117, 266)
(118, 266)
(118, 266)
(120, 264)
(119, 263)
(119, 262)
(118, 262)
(118, 261)
(117, 257)
(116, 260)
(118, 259)
(118, 259)
(118, 259)
(115, 259)
(115, 259)
(115, 260)
(115, 259)
(115, 260)
(115, 261)
(116, 261)
(115, 262)
(115, 262)
(114, 262)
(114, 263)
(114, 263)
(114, 262)
(114, 262)
(114, 262)
(114, 261)
(113, 261)
(113, 261)
(111, 269)
(111, 269)
(111, 269)
(111, 269)
(111, 269)
(111, 268)
(111, 268)
(111, 268)
(111, 269)
(111, 269)
(111, 269)
(111, 270)
(111, 270)
(111, 274)
(111, 274)
(111, 274)
(111, 274)
(111, 280)
(111, 280)
(111, 280)
(111, 280)
(111, 280)
(111, 280)
(110, 280)
(110, 280)
(110, 280)
(110, 281)
(110, 281)
(110, 281)
(110, 281)
(110, 281)
(110, 281)
(110, 281)
(110, 281)
(110, 281)
(110, 281)
(110, 281)
(110, 281)
(110, 280)
(110, 278)
(110, 278)
(110, 278)
(110, 280)
(110, 280)
(110, 280)
(110, 278)
(110, 276)
(110, 276)
(110, 276)
(110, 276)
(110, 273)
(110, 273)
(110, 273)
(110, 273)
(110, 268)
(110, 268)
(110, 268)
(110, 268)
(110, 268)
(110, 268)
(110, 268)
(110, 268)
(110, 268)
(110, 268)
(110, 268)
(110, 268)
(110, 268)
(110, 268)
(110, 268)
(110, 268)
(110, 268)
(110, 264)
(110, 261)
(110, 261)
(110, 261)
(110, 261)
(111, 261)
(111, 261)
(111, 261)
(111, 261)
(111, 261)
(111, 261)
(111, 257)
(111, 257)
(111, 257)
(111, 257)
(110, 257)
(110, 257)
(110, 257)
(110, 257)
(59, 236)
(59, 240)
(59, 240)
(59, 240)
(59, 240)
(59, 240)
(59, 240)
(59, 240)
(59, 240)
(59, 240)
(59, 242)
(59, 242)
(59, 242)
(59, 242)
(59, 242)
(59, 241)
(59, 241)
(59, 241)
(59, 241)
(59, 241)
(59, 241)
(59, 240)
(59, 240)
(59, 242)
(60, 242)
(60, 242)
(60, 238)
(60, 238)
(59, 238)
(115, 252)
(117, 252)
(118, 252)
(119, 252)
(119, 252)
(118, 252)
(120, 252)
(120, 255)
(120, 255)
(120, 259)
(59, 249)
(59, 248)
(59, 247)
(59, 247)
(59, 247)
(59, 247)
(59, 247)
(60, 249)
(119, 263)
(120, 257)
(124, 260)
(128, 260)
(128, 270)
(120, 274)
(124, 282)
(127, 285)
(154, 289)
(144, 293)
(155, 293)
(165, 293)
(173, 294)
(171, 297)
(172, 305)
(174, 313)
(175, 322)
(176, 328)
(169, 333)
(173, 339)
(178, 340)
(183, 342)
(191, 343)
(199, 348)
(207, 360)
(215, 370)
(224, 377)
(232, 384)
(241, 397)
(248, 406)
(253, 411)
(261, 421)
(260, 432)
(261, 442)
(265, 451)
(266, 458)
(270, 464)
(285, 467)
(297, 475)
(305, 480)
(309, 487)
(317, 487)
(329, 490)
(336, 492)
(350, 492)
(356, 498)
(363, 505)
(369, 510)
(375, 512)
(373, 518)
(373, 525)
(377, 521)
(385, 521)
(392, 522)
(403, 522)
(411, 522)
(416, 524)
(418, 522)
(419, 522)
(414, 522)
(426, 521)
(431, 520)
(429, 519)
(436, 518)
(437, 517)
(439, 513)
(445, 509)
(450, 504)
(457, 499)
(463, 492)
(472, 486)
(482, 479)
(491, 475)
(500, 470)
(508, 464)
(515, 459)
(522, 452)
(533, 450)
(545, 446)
(558, 438)
(576, 440)
(594, 438)
(614, 433)
(625, 431)
(637, 426)
(647, 422)
(654, 409)
(663, 393)
(674, 377)
(683, 372)
(694, 368)
(704, 363)
(713, 358)
(724, 353)
(738, 348)
(749, 343)
(758, 342)
(765, 345)
(771, 346)
(787, 350)
(797, 349)
(808, 341)
(814, 335)
(817, 327)
(818, 323)
(817, 315)
(818, 308)
(826, 307)
(834, 307)
(841, 304)
(846, 303)
(850, 300)
(852, 300)
(852, 305)
(855, 305)
(860, 305)
(860, 308)
(866, 307)
(871, 309)
(876, 314)
(890, 319)
(896, 321)
(902, 323)
(907, 327)
(910, 324)
(913, 321)
(915, 319)
(915, 310)
(916, 305)
(914, 299)
(913, 292)
(913, 288)
(914, 288)
(922, 283)
(927, 280)
(932, 277)
(935, 275)
(940, 275)
(947, 276)
(949, 283)
(948, 287)
(948, 293)
(949, 293)
(949, 294)
(949, 294)
(949, 297)
(950, 300)
(950, 301)
(951, 301)
(950, 299)
(950, 295)
(949, 294)
(948, 294)
(947, 294)
(947, 294)
(946, 294)
(946, 294)
(946, 294)
(946, 294)
(946, 294)
(946, 293)
(946, 293)
(944, 293)
(951, 293)
(951, 293)
(951, 293)
(951, 293)
(950, 293)
(950, 293)
(951, 293)
(951, 293)
(951, 293)
(951, 293)
(951, 293)
(951, 293)
(951, 293)
(953, 293)
(953, 293)
(954, 293)
(955, 292)
(955, 291)
(955, 289)
(955, 288)
(955, 287)
(955, 286)
(956, 286)
(957, 286)
(957, 286)
(957, 286)
(958, 286)
(958, 286)
(956, 284)
(955, 284)
(955, 284)
(955, 284)
(955, 284)
(955, 284)
(955, 284)
(956, 284)
(957, 284)
(957, 284)
(957, 284)
(957, 284)
(956, 284)
(955, 284)
(955, 284)
(955, 284)
(954, 284)
(954, 284)
(955, 284)
(955, 283)
(955, 284)
(953, 284)
(953, 284)
(953, 284)
(953, 284)
(953, 284)
(953, 284)
(953, 284)
(953, 284)
(952, 284)
(952, 284)
(952, 284)
(952, 284)
(952, 284)
(952, 284)
(950, 284)
(946, 284)
(946, 284)
(945, 285)
(945, 285)
(944, 285)
(940, 286)
(940, 286)
(940, 286)
(940, 286)
(940, 286)
(940, 286)
(940, 286)
(939, 286)
(938, 286)
(938, 286)
(937, 286)
(937, 287)
(934, 287)
(934, 287)
(934, 288)
(935, 288)
(935, 288)
(935, 288)
(935, 288)
(938, 288)
(952, 288)
(941, 287)
(942, 285)
(941, 283)
(941, 282)
(941, 281)
(942, 280)
(944, 279)
(947, 278)
(967, 268)
(940, 307)
(955, 290)
(956, 290)
(950, 283)
(946, 276)
(940, 268)
(938, 265)
(937, 265)
(935, 264)
(935, 264)
(936, 264)
(936, 265)
(937, 264)
(937, 264)
(937, 264)
(937, 264)
(938, 264)
(940, 264)
(945, 263)
(951, 263)
(954, 262)
(955, 258)
(957, 261)
(958, 261)
(960, 261)
(961, 261)
(969, 260)
(969, 260)
(969, 260)
(969, 260)
(969, 261)
(968, 261)
(968, 261)
(968, 261)
(967, 261)
(967, 252)
(967, 252)
(968, 252)
(966, 253)
(967, 254)
(965, 252)
(965, 249)
(965, 252)
(964, 251)
(964, 251)
(963, 250)
(963, 250)
(962, 250)
(964, 251)
(965, 252)
(967, 253)
(968, 253)
(969, 253)
(968, 253)
(967, 254)
(969, 254)
(971, 255)
(971, 257)
(974, 257)
(977, 258)
(977, 258)
(976, 257)
(975, 257)
(977, 248)
(978, 245)
(977, 248)
(976, 254)
(976, 255)
(976, 257)
(1003, 269)
(1001, 264)
(1003, 263)
(1003, 266)
(1004, 267)
(1002, 265)
(985, 261)
(988, 256)
(985, 255)
(974, 252)
(975, 250)
(977, 249)
(976, 251)
(975, 245)
(975, 244)
(975, 237)
(978, 229)
(980, 219)
(981, 220)
(989, 220)
(990, 215)
(987, 222)
(982, 219)
(971, 213)
(969, 212)
(971, 211)
(970, 206)
(968, 206)
(966, 205)
(965, 212)
(958, 217)
(960, 217)
(968, 212)
(968, 212)
(967, 215)
(966, 220)
(964, 222)
(965, 222)
(965, 222)
(966, 221)
(966, 219)
(966, 219)
(965, 214)
(964, 214)
(964, 219)
(964, 219)
(967, 219)
(967, 219)
(969, 218)
(969, 218)
(969, 218)
(969, 217)
(967, 217)
(967, 217)
(968, 218)
(968, 218)
(968, 218)
(963, 218)
(963, 218)
(965, 218)
(965, 218)
(967, 216)
(967, 217)
(967, 218)
(970, 217)
(969, 217)
(970, 217)
(971, 216)
(972, 216)
(973, 212)
(976, 206)
(976, 205)
(976, 209)
(973, 216)
(977, 216)
(985, 216)
(986, 219)
(986, 216)
(983, 216)
(986, 216)
(984, 212)
(987, 204)
(987, 204)
(984, 209)
(982, 216)
(983, 216)
(978, 216)
(980, 216)
(977, 214)
(977, 213)
(974, 213)
(975, 203)
(974, 205)
(972, 208)
(970, 210)
(970, 210)
(971, 210)
(973, 209)
(975, 210)
(975, 207)
(976, 202)
(977, 199)
(976, 203)
(975, 212)
(976, 215)
(975, 213)
(975, 215)
(975, 212)
(971, 211)
(970, 207)
(969, 196)
(968, 194)
(966, 200)
(961, 205)
(953, 205)
(949, 204)
(953, 200)
(952, 192)
(953, 183)
(955, 183)
(954, 186)
(954, 185)
(955, 184)
(954, 184)
(953, 189)
(950, 195)
(947, 197)
(947, 202)
(949, 206)
(945, 208)
(947, 210)
(949, 214)
(950, 220)
(951, 220)
(953, 221)
(954, 223)
(953, 223)
(951, 222)
(948, 222)
(945, 223)
(942, 222)
(939, 224)
(937, 224)
(935, 227)
(935, 229)
(935, 230)
(935, 230)
(938, 229)
(940, 227)
(942, 225)
(945, 223)
(947, 221)
(949, 219)
(952, 217)
(953, 215)
(955, 215)
(953, 216)
(950, 213)
(945, 219)
(944, 232)
(941, 232)
(944, 230)
(944, 231)
(940, 232)
(936, 231)
(939, 229)
(942, 216)
(940, 217)
(935, 223)
(931, 232)
(929, 234)
(928, 232)
(930, 230)
(931, 231)
(933, 229)
(937, 226)
(940, 224)
(940, 227)
(933, 227)
(949, 226)
(957, 228)
(962, 229)
(963, 225)
(962, 226)
(961, 226)
(963, 217)
(959, 216)
(956, 217)
(956, 217)
(954, 229)
(955, 229)
(952, 229)
(950, 230)
(952, 226)
(952, 226)
(949, 230)
(949, 230)
(949, 230)
(949, 230)
(955, 228)
(960, 213)
(962, 212)
(963, 212)
(961, 215)
(958, 216)
(956, 220)
(956, 225)
(954, 225)
(950, 226)
(952, 227)
(936, 228)
(936, 228)
(936, 228)
(936, 228)
(936, 228)
(950, 214)
(950, 214)
(1054, 298)
(1053, 300)
(1053, 302)
(1053, 302)
(1053, 302)
(1052, 302)
(1052, 304)
(1051, 304)
(1051, 305)
(1051, 306)
(1047, 306)
(1046, 306)
(1046, 306)
(1045, 306)
(1044, 306)
(1043, 305)
(1043, 306)
(1050, 290)
(1050, 287)
(1058, 263)
(1058, 263)
(1058, 263)
(1058, 263)
(935, 232)
(941, 231)
(950, 228)
(925, 228)
(944, 227)
(944, 224)
(942, 223)
(938, 222)
(937, 219)
(934, 219)
(931, 220)
(929, 220)
(927, 219)
(923, 218)
(924, 213)
(926, 210)
(927, 205)
(927, 201)
(926, 195)
(930, 191)
(930, 187)
(927, 183)
(922, 181)
(914, 177)
(910, 173)
(908, 164)
(909, 160)
(909, 158)
(909, 160)
(907, 163)
(905, 165)
(904, 165)
(900, 168)
(897, 172)
(893, 175)
(879, 191)
(881, 194)
(865, 199)
(858, 204)
(852, 209)
(845, 218)
(842, 226)
(836, 233)
(830, 242)
(820, 250)
(812, 260)
(802, 279)
(792, 293)
(782, 297)
(772, 302)
(761, 309)
(750, 314)
(730, 319)
(709, 325)
(695, 327)
(682, 328)
(671, 341)
(658, 358)
(641, 371)
(627, 383)
(613, 391)
(596, 397)
(578, 405)
(559, 416)
(543, 429)
(538, 438)
(525, 443)
(505, 451)
(502, 462)
(498, 470)
(489, 479)
(479, 484)
(464, 489)
(458, 495)
(444, 497)
(433, 499)
(419, 504)
(408, 507)
(398, 506)
(392, 512)
(381, 516)
(368, 516)
(353, 521)
(346, 524)
(334, 527)
(330, 530)
(319, 538)
(313, 537)
(299, 538)
(290, 529)
(277, 528)
(268, 528)
(263, 529)
(256, 527)
(252, 528)
(246, 535)
(239, 540)
(232, 541)
(225, 541)
(220, 536)
(215, 530)
(233, 539)
(207, 533)
(207, 536)
(202, 539)
(199, 542)
(190, 544)
(184, 551)
(183, 547)
(180, 546)
(175, 546)
(170, 542)
(165, 547)
(160, 546)
(153, 542)
(149, 536)
(146, 530)
(140, 524)
(136, 515)
(133, 514)
(129, 513)
(128, 513)
(126, 509)
(126, 507)
(123, 506)
(120, 499)
(117, 499)
(114, 494)
(113, 494)
(112, 492)
(111, 492)
(110, 489)
(108, 488)
(108, 489)
(107, 488)
(107, 487)
(107, 487)
(107, 482)
(105, 478)
(106, 483)
(106, 483)
(106, 479)
(103, 472)
(103, 472)
(103, 472)
(103, 471)
(103, 471)
(103, 471)
(103, 471)
(103, 471)
(103, 471)
(103, 467)
(103, 467)
(103, 467)
(103, 466)
(103, 466)
(103, 466)
(103, 466)
(103, 466)
(103, 467)
(103, 467)
(103, 467)
(103, 467)
(103, 467)
(103, 467)
(103, 467)
(104, 467)
(105, 469)
(105, 469)
(104, 469)
(103, 467)
(103, 467)
(104, 467)
(104, 469)
(104, 469)
(104, 470)
(103, 469)
(104, 468)
(104, 469)
(104, 468)
(102, 468)
(102, 468)
(103, 468)
(103, 468)
(103, 466)
(104, 466)
(104, 468)
(104, 468)
(104, 468)
(104, 468)
(104, 468)
(104, 468)
(105, 467)
(105, 468)
(104, 468)
(104, 468)
(103, 468)
(104, 466)
(104, 467)
(104, 466)
(104, 466)
(104, 466)
(104, 465)
(103, 464)
(103, 470)
(103, 465)
(102, 465)
(100, 467)
(100, 471)
(99, 475)
(98, 476)
(98, 477)
(98, 475)
(98, 476)
(98, 476)
(98, 476)
(98, 476)
(98, 476)
(98, 476)
(98, 476)
(98, 476)
(99, 476)
(102, 476)
(103, 476)
(104, 476)
(103, 476)
(103, 476)
(104, 476)
(104, 476)
(104, 475)
(104, 475)
(104, 477)
(104, 477)
(104, 475)
(104, 475)
(104, 475)
(104, 475)
(104, 475)
(105, 475)
(105, 475)
(105, 475)
(104, 475)
(104, 467)
(104, 466)
(104, 463)
(104, 460)
(105, 463)
(103, 476)
(103, 476)
(103, 477)
(88, 464)
(102, 476)
(103, 477)
(103, 477)
(104, 478)
(104, 479)
(104, 480)
(106, 476)
(107, 476)
(108, 476)
(110, 475)
(112, 476)
(110, 478)
(113, 478)
(114, 485)
(114, 485)
(114, 487)
(114, 485)
(115, 485)
(115, 485)
(115, 483)
(118, 481)
(124, 479)
(124, 476)
(122, 473)
(124, 457)
(125, 458)
(127, 460)
(127, 466)
(130, 470)
(132, 471)
(134, 471)
(136, 473)
(142, 472)
(141, 468)
(145, 466)
(146, 464)
(149, 462)
(152, 459)
(155, 458)
(157, 457)
(159, 456)
(161, 455)
(163, 455)
(166, 455)
(171, 455)
(174, 450)
(176, 449)
(179, 449)
(177, 449)
(180, 447)
(181, 447)
(184, 447)
(187, 448)
(195, 446)
(198, 446)
(198, 441)
(202, 438)
(201, 433)
(208, 432)
(211, 432)
(215, 418)
(221, 420)
(226, 420)
(231, 418)
(232, 418)
(236, 419)
(243, 418)
(248, 417)
(251, 416)
(252, 416)
(257, 417)
(259, 415)
(263, 415)
(265, 414)
(269, 407)
(270, 396)
(276, 390)
(278, 387)
(284, 386)
(288, 389)
(291, 397)
(294, 405)
(297, 405)
(303, 414)
(305, 417)
(302, 418)
(307, 418)
(309, 419)
(315, 420)
(318, 420)
(318, 420)
(320, 423)
(319, 423)
(319, 425)
(317, 426)
(316, 426)
(314, 425)
(314, 425)
(313, 424)
(314, 418)
(316, 421)
(316, 418)
(317, 416)
(320, 415)
(320, 414)
(321, 414)
(321, 413)
(322, 412)
(322, 411)
(322, 410)
(323, 408)
(323, 407)
(325, 413)
(325, 414)
(327, 416)
(329, 418)
(328, 423)
(332, 421)
(336, 421)
(335, 420)
(335, 419)
(335, 417)
(336, 415)
(336, 414)
(336, 413)
(335, 413)
(335, 413)
(335, 413)
(335, 414)
(335, 415)
(337, 416)
(336, 416)
(336, 417)
(336, 415)
(336, 414)
(336, 414)
(336, 414)
(336, 413)
(335, 413)
(335, 413)
(335, 414)
(335, 414)
(335, 415)
(335, 417)
(335, 417)
(335, 417)
(335, 417)
(335, 417)
(335, 417)
(334, 415)
(334, 413)
(335, 413)
(334, 412)
(335, 412)
(335, 413)
(335, 414)
(335, 417)
(333, 418)
(327, 417)
(323, 416)
(322, 415)
(328, 414)
(325, 411)
(326, 401)
(333, 391)
(334, 387)
(335, 393)
(337, 399)
(354, 402)
(355, 402)
(357, 402)
(359, 414)
(361, 417)
(371, 418)
(370, 421)
(371, 427)
(374, 432)
(378, 434)
(384, 434)
(387, 435)
(391, 435)
(395, 436)
(400, 426)
(402, 415)
(403, 412)
(405, 413)
(413, 416)
(414, 423)
(416, 428)
(418, 434)
(425, 444)
(424, 445)
(423, 445)
(426, 452)
(430, 457)
(443, 457)
(445, 455)
(446, 453)
(447, 451)
(451, 450)
(452, 448)
(452, 449)
(452, 448)
(453, 448)
(455, 448)
(457, 449)
(460, 449)
(462, 450)
(462, 450)
(463, 452)
(462, 452)
(463, 454)
(464, 454)
(466, 456)
(469, 456)
(479, 457)
(486, 459)
(491, 463)
(500, 465)
(506, 463)
(511, 466)
(514, 468)
(516, 469)
(519, 479)
(522, 480)
(527, 481)
(533, 481)
(539, 475)
(549, 475)
(558, 471)
(566, 478)
(573, 477)
(581, 478)
(586, 479)
(590, 478)
(593, 487)
(597, 501)
(599, 501)
(601, 496)
(602, 488)
(602, 485)
(604, 474)
(608, 474)
(611, 474)
(618, 470)
(622, 464)
(624, 461)
(625, 462)
(626, 463)
(625, 462)
(623, 462)
(624, 462)
(625, 465)
(627, 469)
(629, 469)
(630, 467)
(632, 465)
(632, 461)
(631, 461)
(630, 461)
(628, 461)
(626, 461)
(624, 461)
(623, 461)
(624, 461)
(625, 462)
(626, 462)
(627, 462)
(628, 462)
(628, 462)
(628, 462)
(627, 463)
(627, 463)
(627, 463)
(627, 463)
(627, 463)
(628, 463)
(628, 463)
(629, 464)
(629, 464)
(630, 464)
(630, 464)
(629, 464)
(629, 465)
(629, 465)
(629, 465)
(629, 465)
(630, 465)
(630, 465)
(630, 465)
(630, 465)
(630, 465)
(630, 465)
(630, 465)
(629, 465)
(630, 465)
(631, 465)
(631, 465)
(632, 465)
(632, 465)
(632, 465)
(632, 464)
(632, 463)
(632, 460)
(630, 455)
(627, 454)
(624, 452)
(622, 446)
(622, 438)
(623, 435)
(624, 435)
(626, 437)
(627, 439)
(626, 448)
(627, 448)
(626, 454)
(627, 465)
(626, 469)
(625, 470)
(624, 469)
(620, 465)
(616, 455)
(611, 454)
(603, 456)
(601, 458)
(600, 457)
(600, 456)
(601, 458)
(603, 461)
(605, 462)
(611, 462)
(612, 462)
(616, 464)
(617, 467)
(617, 467)
(616, 465)
(613, 466)
(610, 466)
(605, 467)
(604, 467)
(604, 462)
(605, 460)
(607, 458)
(609, 459)
(610, 461)
(609, 466)
(609, 467)
(608, 467)
(609, 467)
(609, 467)
(609, 467)
(609, 467)
(609, 467)
(610, 466)
(609, 465)
(610, 465)
(610, 465)
(611, 464)
(612, 462)
(611, 461)
(609, 458)
(611, 455)
(613, 445)
(619, 435)
(626, 437)
(630, 435)
(630, 442)
(628, 447)
(629, 445)
(637, 452)
(648, 455)
(652, 450)
(654, 449)
(656, 443)
(659, 432)
(669, 429)
(680, 425)
(687, 422)
(692, 417)
(698, 418)
(714, 418)
(726, 411)
(736, 409)
(743, 405)
(747, 396)
(749, 390)
(751, 381)
(756, 361)
(763, 351)
(770, 346)
(778, 341)
(783, 337)
(786, 331)
(792, 329)
(799, 328)
(807, 325)
(815, 318)
(821, 311)
(829, 311)
(835, 308)
(840, 301)
(846, 294)
(853, 289)
(861, 285)
(864, 280)
(869, 277)
(874, 274)
(868, 268)
(878, 258)
(880, 244)
(883, 234)
(889, 230)
(895, 227)
(900, 224)
(903, 221)
(908, 210)
(910, 206)
(911, 205)
(915, 199)
(919, 189)
(924, 184)
(928, 182)
(935, 178)
(937, 173)
(938, 172)
(940, 170)
(943, 169)
(945, 164)
(945, 162)
(947, 160)
(947, 154)
(948, 149)
(945, 143)
(945, 139)
(944, 134)
(943, 132)
(943, 131)
(943, 131)
(942, 130)
(942, 129)
(943, 129)
(945, 134)
(945, 133)
(945, 133)
(945, 132)
(945, 132)
(944, 131)
(946, 131)
(947, 130)
(948, 130)
(949, 130)
(950, 128)
(951, 128)
(951, 127)
(950, 125)
(951, 122)
(950, 121)
(950, 118)
(949, 116)
(949, 114)
(950, 112)
(949, 111)
(949, 110)
(950, 110)
(951, 110)
(952, 110)
(952, 110)
(952, 110)
(952, 111)
(954, 111)
(954, 112)
(954, 111)
(954, 111)
(955, 111)
(955, 111)
(955, 111)
(957, 110)
(957, 110)
(957, 110)
(957, 110)
(958, 109)
(958, 110)
(959, 110)
(959, 110)
(960, 111)
(961, 111)
(961, 112)
(964, 113)
(965, 113)
(965, 115)
(966, 116)
(966, 115)
(966, 114)
(966, 113)
(966, 110)
(966, 105)
(965, 99)
(965, 98)
(963, 96)
(963, 94)
(966, 94)
(968, 83)
(969, 82)
(969, 81)
(969, 80)
(972, 84)
(972, 85)
(971, 80)
(967, 81)
(964, 83)
(961, 83)
(959, 81)
(958, 80)
(958, 78)
(958, 77)
(956, 74)
(958, 74)
(960, 74)
(961, 77)
(962, 78)
(962, 78)
(962, 78)
(964, 78)
(968, 78)
(972, 78)
(972, 78)
(970, 78)
(968, 78)
(966, 77)
(962, 77)
(960, 77)
(960, 71)
(960, 68)
(959, 70)
(958, 74)
(957, 77)
(956, 82)
(957, 84)
(959, 85)
(965, 85)
(968, 86)
(964, 73)
(964, 73)
(963, 73)
(962, 73)
(959, 73)
(956, 73)
(954, 73)
(954, 73)
(954, 73)
(955, 73)
(956, 73)
(957, 73)
(956, 74)
(957, 75)
(959, 75)
(958, 79)
(958, 77)
(955, 87)
(955, 92)
(955, 93)
(960, 95)
(960, 94)
(960, 92)
(962, 89)
(962, 89)
(962, 89)
(959, 89)
(956, 89)
(953, 89)
(953, 91)
(954, 99)
(951, 102)
(948, 102)
(959, 102)
(960, 103)
(964, 103)
(966, 103)
(965, 100)
(963, 100)
(960, 99)
(960, 97)
(960, 95)
(960, 95)
(960, 97)
(956, 100)
(955, 102)
(956, 104)
(955, 108)
(958, 114)
(960, 120)
(966, 127)
(966, 126)
(965, 121)
(961, 113)
(956, 107)
(949, 102)
(919, 108)
(917, 109)
(916, 96)
(916, 93)
(917, 95)
(914, 99)
(909, 104)
(906, 110)
(898, 111)
(1003, 96)
(894, 119)
(893, 119)
(889, 118)
(886, 119)
(877, 119)
(874, 119)
(877, 119)
(871, 119)
(867, 119)
(867, 119)
(866, 116)
(864, 114)
(865, 113)
(866, 112)
(866, 112)
(865, 110)
(865, 109)
(864, 108)
(863, 107)
(865, 104)
(864, 104)
(863, 106)
(862, 106)
(862, 106)
(862, 106)
(862, 106)
(862, 106)
(862, 106)
(862, 106)
(862, 106)
(862, 106)
(862, 106)
(862, 106)
(862, 107)
(864, 106)
(869, 106)
(874, 102)
(877, 102)
(877, 103)
(874, 103)
(877, 106)
(875, 116)
(879, 120)
(878, 127)
(876, 125)
(872, 102)
(872, 96)
(869, 91)
(875, 98)
(869, 96)
(862, 94)
(855, 94)
(849, 93)
(831, 88)
(820, 81)
(811, 76)
(800, 72)
(793, 64)
(783, 61)
(767, 58)
(768, 51)
(759, 47)
(746, 46)
(732, 45)
(717, 44)
(703, 42)
(695, 41)
(683, 41)
(670, 40)
(656, 39)
(643, 36)
(634, 35)
(632, 35)
(629, 35)
(625, 35)
(605, 35)
(601, 40)
(595, 39)
(592, 37)
(591, 35)
(590, 35)
(590, 35)
(601, 35)
(597, 35)
(590, 34)
(586, 34)
(586, 35)
(586, 41)
(591, 48)
(594, 54)
(595, 58)
(596, 59)
(574, 59)
(575, 59)
(566, 59)
(566, 59)
(577, 59)
(577, 59)
(577, 59)
(571, 59)
(571, 61)
(571, 63)
(572, 63)
(577, 64)
(577, 63)
(578, 60)
(578, 60)
(578, 60)
(578, 60)
(578, 60)
(578, 60)
(578, 60)
(576, 60)
(576, 60)
(576, 59)
(575, 59)
(575, 59)
(575, 59)
(576, 59)
(575, 59)
(574, 59)
(574, 59)
(573, 59)
(573, 59)
(573, 59)
(575, 59)
(575, 59)
(575, 59)
(574, 59)
(573, 59)
(571, 59)
(571, 59)
(571, 59)
(571, 59)
(574, 59)
(574, 59)
(574, 59)
(574, 59)
(574, 59)
(574, 59)
(574, 59)
(573, 59)
(573, 59)
(573, 59)
(573, 59)
(573, 59)
(573, 59)
(573, 59)
(572, 59)
(572, 59)
(573, 59)
(573, 59)
(573, 59)
(573, 59)
(574, 59)
(574, 59)
(575, 59)
(575, 59)
(575, 59)
(575, 59)
(575, 59)
(575, 59)
(575, 59)
(575, 59)
(575, 59)
(575, 59)
(575, 59)
(575, 59)
(574, 59)
(574, 59)
(572, 59)
(567, 59)
(566, 59)
(565, 59)
(564, 59)
(563, 59)
(562, 59)
(561, 59)
(558, 59)
(556, 59)
(541, 59)
(537, 59)
(533, 59)
(530, 59)
(521, 59)
(516, 58)
(513, 57)
(511, 53)
(509, 51)
(506, 49)
(503, 48)
(500, 46)
(497, 48)
(495, 51)
(490, 56)
(487, 62)
(481, 66)
(471, 69)
(465, 75)
(461, 79)
(452, 80)
(448, 85)
(444, 91)
(429, 95)
(421, 97)
(416, 101)
(410, 103)
(405, 106)
(394, 108)
(380, 113)
(369, 120)
(365, 125)
(351, 129)
(341, 139)
(336, 153)
(323, 157)
(311, 160)
(299, 166)
(295, 171)
(293, 182)
(282, 194)
(281, 202)
(270, 213)
(257, 230)
(249, 243)
(241, 246)
(238, 251)
(235, 251)
(231, 255)
(218, 267)
(205, 276)
(199, 289)
(195, 295)
(189, 301)
(184, 308)
(181, 322)
(176, 327)
(170, 329)
(166, 336)
(161, 344)
(156, 345)
(169, 347)
(168, 346)
(160, 342)
(158, 341)
(158, 342)
(156, 348)
(152, 350)
(135, 348)
(145, 354)
(141, 354)
(134, 359)
(131, 362)
(124, 358)
(128, 363)
(128, 368)
(127, 368)
(127, 368)
(124, 369)
(124, 371)
(124, 371)
(123, 372)
(121, 373)
(120, 374)
(115, 367)
(115, 367)
(115, 367)
(113, 368)
(111, 370)
(110, 371)
(110, 374)
(109, 376)
(109, 377)
(110, 384)
(110, 384)
(110, 384)
(110, 384)
(116, 392)
(116, 392)
(116, 391)
(116, 391)
(116, 391)
(116, 390)
(116, 390)
(116, 383)
(116, 383)
(116, 383)
(116, 383)
(116, 383)
(114, 383)
(113, 384)
(110, 381)
(111, 377)
(111, 377)
(113, 377)
(103, 373)
(103, 373)
(105, 370)
(106, 366)
(106, 363)
(108, 353)
(113, 353)
(128, 355)
(124, 358)
(124, 353)
(120, 352)
(111, 353)
(109, 347)
(109, 348)
(110, 352)
(109, 349)
(109, 346)
(111, 345)
(112, 345)
(112, 345)
(110, 345)
(108, 345)
(107, 344)
(107, 345)
(105, 345)
(104, 346)
(104, 346)
(104, 346)
(104, 346)
(103, 346)
(102, 347)
(102, 347)
(102, 345)
(102, 345)
(102, 345)
(102, 345)
(102, 345)
(102, 341)
(99, 343)
(96, 343)
(96, 343)
(96, 344)
(96, 343)
(96, 343)
(96, 343)
(96, 343)
(96, 343)
(96, 342)
(96, 342)
(96, 342)
(95, 341)
(95, 341)
(95, 341)
(95, 341)
(95, 341)
(95, 341)
(95, 341)
(95, 339)
(95, 339)
(95, 339)
(95, 339)
(95, 339)
(95, 339)
(95, 339)
(95, 339)
(95, 339)
(95, 338)
(95, 338)
(95, 338)
(95, 338)
(95, 338)
(95, 338)
(95, 338)
(95, 338)
(95, 338)
(95, 338)
(95, 338)
(95, 338)
(95, 340)
(95, 340)
(95, 340)
(95, 339)
(95, 340)
(95, 340)
(95, 340)
(95, 340)
(95, 340)
(95, 340)
(95, 340)
(93, 340)
(93, 340)
(93, 340)
(92, 340)
(92, 339)
(92, 339)
(92, 339)
(92, 339)
(92, 339)
(92, 339)
(92, 339)
(92, 339)
(92, 339)
(92, 339)
(92, 339)
(92, 339)
(92, 339)
(93, 339)
(93, 339)
(93, 339)
(93, 339)
(93, 335)
(93, 335)
(93, 334)
(94, 331)
(94, 331)
(94, 331)
(94, 331)
(94, 331)
(94, 331)
(57, 305)
(91, 326)
(93, 325)
(96, 325)
(96, 325)
(97, 326)
(97, 327)
(96, 327)
(96, 327)
(98, 337)
(90, 343)
(90, 345)
(90, 345)
(90, 343)
(90, 339)
(90, 335)
(91, 335)
(91, 335)
(91, 335)
(92, 335)
(92, 336)
(92, 336)
(92, 336)
(92, 338)
(96, 341)
(95, 341)
(98, 339)
(98, 336)
(98, 331)
(98, 329)
(99, 329)
(99, 329)
(99, 329)
(100, 329)
(94, 329)
(94, 332)
(91, 339)
(91, 341)
(96, 341)
(91, 340)
(91, 334)
(94, 331)
(94, 331)
(113, 331)
(113, 331)
(113, 331)
(115, 331)
(113, 331)
(113, 337)
(113, 337)
(112, 346)
(103, 346)
(104, 343)
(112, 342)
(112, 336)
(112, 334)
(113, 328)
(113, 326)
(112, 332)
(113, 334)
(112, 336)
(108, 338)
(106, 342)
(105, 343)
(105, 343)
(106, 341)
(109, 340)
(110, 337)
(113, 335)
(113, 332)
(113, 327)
(113, 327)
(113, 327)
(113, 327)
(113, 327)
(113, 327)
(113, 327)
(113, 327)
(113, 327)
(113, 327)
(113, 327)
(113, 327)
(113, 327)
(113, 327)
(113, 327)
(113, 327)
(113, 327)
(113, 327)
(113, 327)
(113, 327)
(113, 327)
(113, 327)
(113, 327)
(113, 327)
(113, 327)
(113, 327)
(113, 327)
(113, 327)
(113, 327)
(113, 327)
(113, 327)
(113, 327)
(113, 327)
(113, 327)
(113, 327)
(113, 327)
(113, 327)
(113, 327)
(113, 327)
(113, 327)
(113, 327)
(113, 327)
(113, 327)
(113, 327)
(113, 327)
(113, 327)
(113, 327)
(113, 327)
(113, 327)
(113, 327)
(113, 327)
(113, 327)
(113, 327)
(113, 327)
(118, 353)
(118, 353)
(118, 353)
(118, 353)
(118, 353)
(118, 353)
(118, 353)
(118, 353)
(118, 353)
(118, 353)
(118, 353)
(118, 353)
(118, 353)
(118, 353)
(118, 353)
(118, 353)
(118, 353)
(118, 353)
(118, 353)
(118, 353)
(123, 341)
(123, 341)
(123, 341)
(123, 341)
(123, 341)
(123, 341)
(123, 341)
(123, 341)
(123, 341)
(123, 341)
(123, 341)
(123, 341)
(123, 341)
(123, 341)
(123, 341)
(123, 341)
(123, 341)
(123, 341)
(123, 341)
(123, 341)
(123, 341)
(123, 341)
(123, 341)
(123, 341)
(123, 341)
(123, 341)
(123, 341)
(123, 341)
(123, 341)
(123, 341)
(123, 341)
(123, 341)
(127, 339)
(127, 339)
(127, 339)
(127, 339)
(105, 353)
(97, 357)
(95, 357)
(95, 365)
(90, 374)
(95, 369)
(95, 367)
(96, 365)
(105, 363)
(109, 363)
(110, 360)
(111, 360)
(111, 360)
(111, 360)
(111, 360)
(120, 360)
(115, 361)
(123, 362)
(116, 364)
(119, 364)
(142, 363)
(144, 362)
(56, 299)
(146, 359)
(57, 307)
(120, 346)
(123, 352)
(124, 355)
(134, 358)
(139, 359)
(146, 358)
(152, 358)
(152, 357)
(153, 355)
(153, 355)
(153, 356)
(152, 358)
(146, 361)
(146, 364)
(145, 364)
(142, 364)
(142, 365)
(141, 363)
(140, 365)
(140, 371)
(140, 372)
(140, 372)
(138, 374)
(140, 374)
(148, 370)
(146, 368)
(136, 364)
(134, 360)
(134, 359)
(134, 352)
(134, 356)
(144, 378)
(145, 378)
(135, 362)
(136, 370)
(136, 378)
(137, 381)
(145, 383)
(145, 384)
(144, 384)
(144, 384)
(143, 396)
(143, 391)
(141, 381)
(141, 375)
(141, 373)
(145, 390)
(144, 390)
(145, 389)
(139, 388)
(138, 387)
(137, 388)
(137, 389)
(137, 389)
(137, 389)
(137, 387)
(137, 386)
(137, 384)
(137, 384)
(137, 383)
(137, 383)
(137, 384)
(137, 384)
(137, 385)
(137, 385)
(138, 409)
(138, 409)
(138, 409)
(138, 409)
(138, 409)
(138, 409)
(138, 409)
(138, 409)
(138, 409)
(138, 410)
(138, 410)
(138, 388)
(138, 388)
(138, 388)
(138, 388)
(138, 388)
(138, 388)
(138, 388)
(138, 388)
(138, 388)
(138, 388)
(138, 387)
(138, 387)
(138, 387)
(138, 387)
(138, 387)
(138, 387)
(138, 387)
(138, 387)
(138, 387)
(138, 387)
(138, 387)
(138, 388)
(138, 388)
(158, 357)
(157, 357)
(157, 357)
(157, 357)
(157, 357)
(157, 353)
(158, 353)
(159, 353)
(159, 353)
(159, 343)
(159, 343)
(159, 343)
(159, 343)
(159, 343)
(159, 343)
(159, 343)
(159, 343)
(159, 343)
(159, 343)
(159, 343)
(159, 343)
(159, 343)
(159, 343)
(159, 343)
(159, 343)
(159, 343)
(159, 341)
(159, 341)
(159, 341)
(159, 341)
(159, 341)
(158, 337)
(158, 338)
(153, 333)
(107, 415)
(109, 419)
(109, 419)
(109, 419)
(109, 419)
(109, 419)
(109, 419)
(109, 418)
(109, 418)
(109, 418)
(108, 418)
(106, 420)
(106, 420)
(106, 420)
(106, 420)
(134, 327)
(134, 327)
(131, 316)
(147, 320)
(136, 424)
(121, 424)
(120, 427)
(125, 432)
(122, 447)
(117, 439)
(122, 455)
(124, 457)
(127, 464)
(127, 472)
(128, 481)
(128, 491)
(127, 503)
(130, 521)
(127, 526)
(124, 535)
(125, 546)
(125, 556)
(126, 566)
(128, 574)
(133, 577)
(133, 582)
(133, 587)
(133, 590)
(133, 595)
(130, 597)
(127, 598)
(125, 601)
(124, 607)
(127, 614)
(127, 615)
(130, 615)
(130, 616)
(130, 613)
(133, 610)
(133, 614)
(133, 621)
(133, 626)
(134, 629)
(133, 630)
(132, 627)
(132, 623)
(131, 621)
(131, 619)
(130, 618)
(130, 617)
(129, 619)
(129, 620)
(128, 621)
(128, 622)
(129, 624)
(129, 626)
(125, 675)
(129, 663)
(143, 657)
(143, 657)
(143, 658)
(141, 659)
(140, 662)
(140, 664)
(139, 666)
(139, 666)
(139, 666)
(132, 665)
(132, 665)
(132, 664)
(133, 662)
(120, 636)
(119, 633)
(119, 634)
(119, 638)
(118, 623)
(118, 622)
(125, 617)
(128, 609)
(128, 603)
(129, 604)
(128, 590)
(128, 588)
(131, 591)
(138, 593)
(143, 616)
(146, 582)
(150, 576)
(151, 578)
(152, 580)
(148, 594)
(147, 591)
(145, 592)
(144, 596)
(143, 595)
(152, 591)
(155, 586)
(153, 581)
(153, 578)
(152, 577)
(151, 578)
(149, 581)
(147, 586)
(146, 582)
(146, 579)
(145, 575)
(143, 571)
(142, 565)
(140, 559)
(138, 556)
(134, 555)
(132, 560)
(129, 563)
(124, 565)
(117, 567)
(114, 572)
(107, 578)
(103, 581)
(99, 579)
(96, 579)
(96, 581)
(96, 578)
(92, 579)
(95, 576)
(88, 579)
(78, 579)
(76, 580)
(76, 581)
(76, 582)
(79, 586)
(79, 590)
(79, 599)
(79, 603)
(77, 605)
(77, 603)
(75, 602)
(77, 595)
(79, 589)
(84, 589)
(85, 590)
(85, 591)
(85, 593)
(85, 595)
(84, 599)
(84, 602)
(82, 603)
(81, 606)
(80, 606)
(80, 605)
(80, 605)
(80, 605)
(80, 604)
(80, 604)
(81, 604)
(83, 604)
(80, 595)
(82, 594)
(82, 593)
(82, 596)
(82, 598)
(81, 598)
(81, 596)
(73, 595)
(73, 599)
(73, 600)
(73, 600)
(73, 603)
(76, 611)
(78, 612)
(79, 614)
(80, 615)
(79, 615)
(79, 617)
(79, 619)
(76, 622)
(78, 634)
(77, 638)
(75, 638)
(74, 637)
(75, 632)
(73, 620)
(74, 610)
(76, 601)
(76, 594)
(75, 590)
(75, 588)
(73, 584)
(71, 579)
(71, 576)
(70, 569)
(65, 565)
(65, 565)
(65, 565)
(65, 565)
(65, 565)
(65, 565)
(65, 565)
(65, 565)
(65, 565)
(65, 565)
(65, 565)
(65, 565)
(65, 565)
(65, 565)
(65, 565)
(65, 565)
(65, 565)
(65, 565)
(65, 565)
(65, 565)
(65, 565)
(65, 565)
(65, 565)
(65, 565)
(65, 565)
(65, 565)
(65, 565)
(65, 565)
(65, 565)
(65, 565)
(65, 565)
(65, 565)
(65, 565)
(65, 565)
(65, 565)
(65, 565)
(65, 565)
(65, 565)
(65, 565)
(65, 565)
(72, 605)
(73, 605)
(73, 605)
(79, 608)
(84, 614)
(110, 626)
(114, 630)
(120, 634)
(123, 647)
(126, 650)
(128, 640)
(155, 663)
(161, 663)
(172, 663)
(184, 673)
(191, 676)
(198, 679)
(211, 678)
(216, 680)
(224, 681)
(235, 684)
(255, 684)
(265, 692)
(277, 692)
(290, 692)
(299, 692)
(310, 693)
(310, 693)
(310, 693)
(310, 693)
(310, 693)
(310, 693)
(310, 693)
(310, 693)
(310, 693)
(310, 693)
(310, 693)
(310, 693)
(310, 693)
(310, 693)
(310, 693)
(310, 693)
(310, 693)
(310, 693)
(310, 693)
(310, 693)
(310, 693)
(310, 693)
(310, 693)
(310, 693)
(310, 693)
(310, 693)
(310, 693)
(310, 693)
(310, 693)
(310, 693)
(310, 693)
(310, 693)
(310, 693)
(310, 693)
(310, 693)
(310, 693)
(310, 693)
(310, 693)
(310, 693)
(310, 693)
(310, 693)
(310, 693)
(310, 693)
(310, 693)
(310, 693)
(310, 693)
(310, 693)
(310, 693)
(310, 693)
(310, 693)
(310, 693)
(310, 693)
(310, 693)
(310, 693)
(310, 693)
(310, 693)
(310, 693)
(310, 693)
(310, 693)
(310, 693)
(310, 693)
(310, 693)
(310, 693)
(310, 693)
(310, 693)
(310, 693)
(310, 693)
(310, 693)
(310, 693)
(310, 693)
(310, 693)
(310, 693)
(310, 693)
(310, 693)
(310, 693)
(310, 693)
(310, 693)
(310, 693)
(310, 693)
(310, 693)
(310, 693)
(310, 693)
(310, 693)
(310, 693)
(310, 693)
(310, 693)
(310, 693)
(310, 693)
(310, 693)
(310, 693)
(310, 693)
(310, 693)
(900, 700)
(915, 698)
(920, 696)
(923, 695)
(924, 695)
(925, 693)
(926, 693)
(926, 692)
(927, 692)
(928, 690)
(928, 690)
(928, 690)
(928, 690)
(929, 688)
(929, 688)
(929, 687)
(929, 687)
(929, 685)
(929, 684)
(929, 683)
(929, 682)
(929, 682)
(929, 682)
(929, 682)
(929, 681)
(929, 681)
(929, 681)
(930, 681)
(930, 681)
(930, 681)
(930, 681)
(930, 681)
(930, 681)
(931, 682)
(931, 682)
(931, 682)
(930, 682)
(930, 681)
(931, 682)
(931, 682)
(931, 681)
(932, 681)
(932, 681)
(933, 681)
(933, 681)
(933, 681)
(933, 681)
(934, 681)
(935, 681)
(936, 680)
(936, 680)
(936, 680)
(937, 680)
(937, 680)
(938, 680)
(939, 679)
(939, 679)
(939, 679)
(940, 679)
(941, 679)
(942, 681)
(943, 682)
(944, 682)
(944, 684)
(944, 685)
(945, 687)
(946, 687)
(947, 689)
(947, 689)
(948, 689)
(949, 690)
(949, 690)
(948, 692)
(948, 692)
(947, 692)
(947, 692)
(947, 693)
(947, 691)
(947, 691)
(947, 692)
(947, 692)
(947, 692)
(946, 692)
(946, 692)
(946, 692)
(946, 692)
(947, 692)
(948, 692)
(948, 692)
(950, 692)
(950, 691)
(950, 690)
(950, 690)
(950, 690)
(950, 688)
(948, 685)
(948, 682)
(946, 680)
(946, 679)
(946, 677)
(946, 676)
(946, 674)
(944, 673)
(944, 672)
(944, 672)
(947, 672)
(948, 672)
(948, 672)
(948, 671)
(947, 671)
(950, 670)
(950, 670)
(950, 670)
(948, 669)
(948, 669)
(949, 669)
(949, 668)
(949, 667)
(949, 666)
(944, 665)
(948, 664)
(948, 664)
(946, 663)
(945, 663)
(945, 663)
(944, 664)
(943, 665)
(943, 666)
(943, 666)
(943, 667)
(942, 667)
(942, 667)
(962, 667)
(962, 667)
(962, 668)
(962, 668)
(962, 668)
(962, 668)
(962, 668)
(962, 668)
(962, 668)
(962, 668)
(963, 668)
(963, 668)
(963, 668)
(963, 668)
(962, 668)
(962, 668)
(962, 668)
(962, 668)
(962, 668)
(962, 668)
(962, 667)
(962, 667)
(962, 666)
(962, 666)
(921, 695)
(921, 695)
(921, 694)
(921, 694)
(968, 646)
(968, 646)
(969, 644)
(951, 653)
(952, 652)
(953, 652)
(955, 650)
(956, 650)
(951, 655)
(954, 654)
(957, 653)
(957, 650)
(960, 649)
(961, 648)
(961, 647)
(963, 645)
(963, 643)
(965, 641)
(966, 641)
(967, 641)
(967, 641)
(967, 639)
(967, 638)
(966, 637)
(964, 633)
(965, 626)
(967, 620)
(968, 615)
(975, 610)
(976, 608)
(976, 606)
(974, 603)
(972, 601)
(970, 595)
(970, 588)
(970, 583)
(971, 576)
(973, 571)
(973, 568)
(974, 566)
(973, 567)
(980, 565)
(983, 561)
(984, 559)
(984, 557)
(982, 556)
(981, 549)
(978, 546)
(975, 544)
(973, 543)
(971, 542)
(974, 540)
(975, 541)
(980, 545)
(986, 543)
(986, 533)
(986, 530)
(984, 527)
(980, 524)
(974, 520)
(965, 518)
(958, 517)
(953, 513)
(952, 510)
(952, 512)
(955, 513)
(957, 512)
(954, 520)
(947, 527)
(946, 530)
(947, 534)
(950, 536)
(954, 539)
(954, 542)
(951, 543)
(947, 544)
(943, 545)
(943, 548)
(942, 542)
(949, 532)
(952, 529)
(951, 528)
(951, 530)
(949, 539)
(930, 532)
(927, 536)
(925, 536)
(919, 539)
(914, 550)
(912, 560)
(914, 565)
(915, 568)
(914, 571)
(912, 570)
(913, 568)
(917, 563)
(921, 557)
(921, 558)
(922, 559)
(923, 566)
(923, 573)
(924, 581)
(924, 588)
(923, 596)
(919, 607)
(919, 613)
(922, 617)
(924, 619)
(926, 619)
(926, 617)
(930, 626)
(935, 635)
(940, 643)
(949, 647)
(937, 648)
(947, 648)
(949, 647)
(950, 642)
(951, 640)
(952, 640)
(952, 644)
(950, 646)
(950, 651)
(950, 659)
(950, 660)
(950, 658)
(951, 657)
(951, 657)
(951, 659)
(958, 661)
(959, 665)
(959, 666)
(956, 665)
(950, 663)
(948, 660)
(948, 657)
(948, 651)
(948, 652)
(948, 655)
(947, 657)
(947, 657)
(946, 657)
(947, 657)
(947, 656)
(945, 654)
(946, 651)
(946, 656)
(946, 661)
(942, 661)
(943, 665)
(937, 663)
(934, 668)
(939, 667)
(943, 663)
(945, 656)
(948, 646)
(950, 636)
(953, 636)
(954, 633)
(959, 621)
(958, 626)
(957, 641)
(957, 623)
(957, 631)
(957, 622)
(956, 625)
(958, 633)
(957, 642)
(958, 649)
(959, 650)
(959, 630)
(960, 626)
(953, 640)
(953, 626)
(951, 629)
(949, 647)
(949, 646)
(949, 643)
(948, 644)
(948, 645)
(949, 647)
(952, 650)
(953, 652)
(953, 654)
(953, 655)
(963, 657)
(963, 662)
(964, 667)
(965, 666)
(966, 663)
(966, 663)
(966, 663)
(966, 664)
(970, 665)
(970, 666)
(966, 665)
(967, 663)
(967, 662)
(968, 662)
(969, 663)
(970, 662)
(970, 663)
(971, 658)
(973, 654)
(973, 651)
(973, 651)
(974, 651)
(973, 653)
(973, 649)
(975, 647)
(973, 643)
(970, 642)
(966, 641)
(971, 638)
(972, 638)
(972, 639)
(963, 655)
(963, 661)
(957, 659)
(953, 653)
(945, 644)
(938, 643)
(918, 646)
(915, 653)
(907, 643)
(899, 628)
(891, 627)
(887, 623)
(875, 613)
(869, 606)
(861, 600)
(851, 594)
(848, 578)
(844, 570)
(840, 561)
(836, 556)
(827, 549)
(819, 543)
(809, 541)
(799, 535)
(787, 521)
(785, 511)
(778, 503)
(770, 496)
(752, 494)
(745, 486)
(744, 472)
(743, 461)
(739, 457)
(733, 459)
(727, 459)
(714, 458)
(712, 456)
(706, 449)
(699, 443)
(697, 432)
(691, 422)
(685, 416)
(679, 413)
(673, 410)
(668, 410)
(668, 401)
(674, 386)
(669, 380)
(664, 377)
(659, 376)
(653, 378)
(647, 380)
(642, 378)
(638, 370)
(634, 362)
(631, 358)
(625, 354)
(622, 351)
(616, 349)
(601, 346)
(598, 341)
(595, 332)
(591, 322)
(587, 316)
(582, 316)
(577, 315)
(571, 313)
(565, 309)
(566, 300)
(561, 296)
(557, 294)
(554, 286)
(551, 277)
(549, 276)
(544, 275)
(540, 280)
(536, 282)
(532, 284)
(529, 281)
(527, 278)
(523, 279)
(519, 278)
(516, 276)
(509, 272)
(502, 267)
(498, 262)
(494, 255)
(486, 251)
(482, 246)
(474, 242)
(467, 235)
(463, 226)
(456, 220)
(448, 211)
(446, 204)
(444, 200)
(433, 195)
(430, 195)
(420, 195)
(411, 194)
(402, 190)
(395, 186)
(388, 181)
(382, 175)
(378, 167)
(368, 166)
(363, 162)
(354, 157)
(346, 149)
(338, 144)
(334, 144)
(331, 142)
(320, 132)
(311, 127)
(305, 120)
(300, 114)
(296, 111)
(290, 112)
(284, 98)
(278, 96)
(274, 93)
(269, 91)
(263, 89)
(257, 88)
(252, 88)
(248, 89)
(208, 31)
(205, 32)
(203, 32)
(201, 31)
(199, 31)
(198, 32)
(198, 30)
(195, 30)
(194, 30)
(192, 29)
(190, 28)
(190, 28)
(189, 28)
(187, 28)
(186, 28)
(183, 28)
(181, 28)
(180, 28)
(179, 28)
(179, 28)
(178, 28)
(178, 29)
(178, 29)
(178, 29)
(178, 29)
(177, 29)
(176, 29)
(176, 29)
(176, 29)
(176, 29)
(176, 29)
(176, 29)
(176, 29)
(176, 29)
(176, 30)
(176, 30)
(175, 30)
(175, 30)
(176, 31)
(175, 31)
(174, 30)
(208, 84)
(209, 84)
(211, 85)
(211, 87)
(211, 88)
(210, 88)
(210, 89)
(210, 89)
(209, 89)
(209, 88)
(208, 88)
(208, 87)
(220, 85)
(220, 83)
(215, 81)
(215, 76)
(215, 71)
(215, 62)
(214, 61)
(214, 61)
(200, 65)
(199, 68)
(184, 71)
(184, 76)
(196, 76)
(191, 73)
(192, 71)
(191, 69)
(190, 67)
(190, 66)
(190, 66)
(189, 65)
(189, 65)
(189, 64)
(189, 64)
(189, 64)
(189, 64)
(189, 64)
(189, 61)
(189, 60)
(190, 57)
(189, 53)
(188, 49)
(188, 47)
(188, 47)
(188, 49)
(189, 47)
(184, 47)
(184, 47)
(184, 47)
(182, 48)
(182, 48)
(182, 48)
(182, 48)
(182, 47)
(182, 47)
(182, 47)
(182, 47)
(182, 47)
(182, 47)
(182, 47)
(183, 47)
(183, 47)
(169, 47)
(169, 47)
(168, 47)
(168, 47)
(168, 47)
(169, 48)
(169, 47)
(161, 46)
(160, 46)
(159, 46)
(159, 47)
(159, 49)
(159, 49)
(156, 48)
(156, 48)
(156, 49)
(156, 48)
(156, 48)
(154, 49)
(154, 51)
(147, 49)
(144, 50)
(142, 50)
(141, 51)
(141, 52)
(143, 52)
(145, 52)
(146, 52)
(147, 52)
(147, 52)
(147, 52)
(147, 52)
(146, 52)
(146, 52)
(146, 52)
(146, 52)
(146, 52)
(146, 52)
(146, 52)
(146, 52)
(147, 51)
(147, 51)
(147, 51)
(148, 51)
(148, 51)
(148, 51)
(148, 50)
(148, 50)
(148, 50)
(149, 49)
(144, 48)
(144, 48)
(144, 48)
(144, 48)
(144, 48)
(144, 48)
(144, 48)
(143, 48)
(143, 48)
(143, 48)
(143, 48)
(143, 48)
(146, 48)
(149, 48)
(149, 48)
(149, 48)
(149, 48)
(149, 48)
(149, 48)
(149, 48)
(149, 47)
(149, 46)
(149, 46)
(149, 46)
(149, 46)
(149, 46)
(152, 47)
(152, 47)
(152, 47)
(152, 47)
(152, 47)
(152, 47)
(151, 46)
(151, 46)
(151, 46)
(151, 46)
(151, 46)
(151, 46)
(151, 45)
(151, 45)
(152, 45)
(152, 45)
(152, 45)
(151, 45)
(151, 45)
(151, 45)
(151, 45)
(165, 50)
(165, 50)
(165, 50)
(166, 50)
(166, 50)
(166, 55)
(166, 55)
(166, 55)
(166, 55)
(166, 55)
(166, 55)
(166, 55)
(168, 55)
(168, 55)
(168, 55)
(168, 57)
(168, 50)
(168, 55)
(168, 55)
(168, 55)
(168, 57)
(168, 57)
(168, 56)
(169, 56)
(169, 56)
(169, 56)
(175, 56)
(175, 56)
(175, 57)
(175, 57)
(175, 57)
(175, 57)
(175, 57)
(175, 57)
(175, 57)
(175, 57)
(175, 57)
(175, 57)
(175, 57)
(175, 57)
(175, 57)
(175, 57)
(175, 57)
(175, 57)
(175, 57)
(175, 57)
(175, 57)
(175, 57)
(175, 57)
(175, 57)
(175, 57)
(175, 57)
(175, 57)
(175, 57)
(175, 57)
(175, 57)
(175, 57)
(175, 57)
(175, 57)
(175, 57)
(175, 57)
(175, 57)
(175, 57)
(175, 57)
(175, 57)
(175, 57)
(165, 57)
(165, 57)
(165, 57)
(165, 57)
(184, 57)
(184, 57)
(184, 56)
(184, 56)
(184, 56)
(184, 56)
(184, 56)
(184, 56)
(184, 56)
(184, 56)
(184, 56)
(184, 56)
(184, 56)
(184, 56)
(184, 56)
(184, 56)
(184, 56)
(184, 56)
(184, 56)
(103, 62)
(88, 66)
(152, 87)
(152, 87)
(143, 89)
(141, 89)
(142, 90)
(153, 69)
(152, 69)
(151, 69)
(155, 70)
(158, 70)
(160, 70)
(163, 70)
(167, 70)
(171, 68)
(172, 67)
(172, 65)
(174, 66)
(176, 64)
(181, 62)
(181, 64)
(181, 63)
(182, 61)
(188, 61)
(162, 50)
(162, 49)
(160, 49)
(160, 49)
(160, 49)
(160, 49)
(160, 49)
(160, 49)
(161, 49)
(162, 49)
(161, 49)
(162, 49)
(162, 50)
(181, 102)
(182, 103)
(182, 104)
(181, 106)
(181, 109)
(180, 109)
(180, 120)
(177, 124)
(176, 127)
(176, 130)
(175, 132)
(172, 134)
(167, 136)
(170, 142)
(168, 143)
(168, 144)
(168, 145)
(155, 159)
(152, 176)
(151, 180)
(150, 189)
(150, 200)
(150, 206)
(148, 209)
(148, 211)
(146, 215)
(145, 214)
(143, 224)
(142, 234)
(141, 237)
(141, 240)
(141, 245)
(139, 260)
(140, 263)
(139, 276)
(139, 278)
(138, 286)
(142, 300)
(147, 310)
(146, 314)
(139, 316)
(138, 321)
(138, 327)
(138, 333)
(138, 333)
(138, 325)
(137, 326)
(137, 326)
(151, 334)
(148, 341)
(148, 353)
(148, 360)
(148, 366)
(147, 370)
(148, 372)
(151, 373)
(135, 373)
(135, 368)
(135, 364)
(152, 368)
(152, 374)
(153, 376)
(155, 378)
(155, 378)
(160, 378)
(160, 375)
(160, 374)
(144, 372)
(144, 375)
(145, 376)
(143, 376)
(146, 376)
(146, 376)
(146, 379)
(145, 379)
(145, 379)
(146, 379)
(147, 379)
(149, 380)
(146, 373)
(145, 374)
(145, 379)
(147, 380)
(149, 377)
(154, 377)
(160, 379)
(165, 379)
(167, 379)
(167, 378)
(167, 375)
(167, 375)
(167, 375)
(167, 375)
(167, 375)
(167, 375)
(167, 375)
(167, 375)
(167, 375)
(167, 375)
(167, 375)
(166, 375)
(167, 374)
(167, 374)
(166, 374)
(166, 373)
(166, 373)
(166, 373)
(166, 372)
(166, 372)
(166, 372)
(166, 372)
(166, 372)
(166, 372)
(166, 372)
(166, 372)
(166, 372)
(166, 372)
(166, 372)
(166, 372)
(166, 372)
(166, 372)
(166, 372)
(166, 372)
(166, 372)
(166, 372)
(166, 373)
(166, 373)
(166, 373)
(166, 373)
(167, 373)
(167, 373)
(167, 373)
(167, 373)
(167, 373)
(167, 373)
(167, 373)
(167, 373)
(167, 373)
(167, 373)
(167, 371)
(167, 371)
(167, 371)
(167, 371)
(167, 371)
(167, 371)
(167, 371)
(167, 371)
(167, 371)
(167, 371)
(167, 371)
(167, 371)
(167, 371)
(167, 371)
(167, 371)
(167, 371)
(167, 371)
(167, 371)
(168, 371)
(168, 371)
(168, 370)
(168, 370)
(168, 370)
(168, 370)
(168, 370)
(167, 370)
(167, 370)
(167, 370)
(167, 366)
(167, 366)
(167, 366)
(167, 366)
(167, 366)
(167, 366)
(167, 366)
(167, 366)
(168, 367)
(168, 367)
(168, 367)
(168, 367)
(168, 367)
(168, 367)
(168, 367)
(168, 367)
(170, 363)
(170, 361)
(170, 361)
(170, 342)
(170, 342)
(170, 342)
(170, 342)
(170, 342)
(170, 342)
(170, 342)
(170, 342)
(170, 342)
(170, 342)
(170, 342)
(170, 342)
(170, 342)
(170, 342)
(170, 342)
(170, 342)
(170, 342)
(183, 343)
(183, 343)
(183, 343)
(173, 343)
(189, 343)
(189, 343)
(189, 343)
(189, 343)
(189, 343)
(189, 343)
(189, 343)
(189, 343)
(189, 343)
(189, 343)
(189, 343)
(189, 343)
(189, 343)
(189, 343)
(189, 343)
(189, 343)
(189, 343)
(189, 343)
(189, 343)
(189, 343)
(189, 343)
(189, 343)
(189, 343)
(189, 343)
(189, 343)
(189, 343)
(189, 343)
(189, 343)
(189, 343)
(189, 343)
(189, 343)
(189, 343)
(189, 343)
(189, 343)
(189, 343)
(189, 343)
(189, 343)
(189, 343)
(189, 343)
(189, 343)
(189, 343)
(189, 343)
(189, 343)
(189, 343)
(189, 343)
(189, 343)
(189, 343)
(189, 343)
(189, 343)
(189, 343)
(189, 343)
(189, 343)
(189, 343)
(189, 343)
(189, 343)
(189, 343)
(189, 343)
(189, 343)
(189, 343)
(189, 343)
(189, 343)
(189, 343)
(189, 343)
(189, 343)
(189, 343)
(189, 343)
(189, 343)
(189, 343)
(189, 343)
(189, 343)
(189, 343)
(189, 343)
(189, 343)
(189, 343)
(189, 343)
(189, 343)
(189, 343)
(189, 343)
(189, 343)
(189, 343)
(189, 343)
(189, 343)
(189, 343)
(189, 343)
(189, 343)
(189, 343)
(189, 343)
(189, 343)
(189, 343)
(189, 343)
(189, 343)
(189, 343)
(189, 343)
(189, 343)
(189, 343)
(189, 343)
(189, 343)
(114, 340)
(129, 344)
(141, 344)
(141, 343)
(141, 343)
(141, 342)
(142, 343)
(143, 342)
(144, 342)
(145, 342)
(145, 343)
(145, 344)
(146, 344)
(146, 345)
(147, 345)
(147, 345)
(147, 346)
(147, 346)
(147, 333)
(147, 333)
(147, 333)
(148, 333)
(148, 333)
(148, 333)
(148, 333)
(148, 333)
(148, 333)
(148, 333)
(148, 333)
(147, 333)
(149, 333)
(149, 334)
(149, 334)
(149, 334)
(149, 334)
(144, 334)
(129, 333)
(144, 333)
(144, 333)
(144, 333)
(144, 333)
(144, 333)
(120, 327)
(120, 327)
(139, 327)
(139, 317)
(131, 318)
(131, 319)
(130, 321)
(129, 323)
(119, 324)
(119, 326)
(120, 329)
(120, 329)
(120, 329)
(120, 329)
(120, 329)
(120, 329)
(120, 329)
(120, 329)
(120, 329)
(120, 329)
(120, 329)
(120, 329)
(120, 329)
(120, 329)
(120, 329)
(120, 329)
(120, 329)
(120, 329)
(120, 329)
(120, 329)
(120, 329)
(120, 329)
(120, 329)
(120, 329)
(120, 329)
(120, 329)
(120, 329)
(120, 329)
(120, 329)
(120, 329)
(120, 329)
(120, 329)
(120, 329)
(120, 329)
(120, 329)
(120, 329)
(120, 329)
(120, 329)
(120, 329)
(120, 329)
(120, 329)
(120, 329)
(120, 329)
(120, 329)
(120, 329)
(120, 329)
(120, 329)
(120, 329)
(120, 329)
(120, 329)
(120, 329)
(120, 329)
(120, 329)
(120, 329)
(111, 357)
(111, 357)
(111, 357)
(111, 357)
(110, 357)
(110, 357)
(110, 358)
(110, 358)
(110, 358)
(110, 358)
(110, 358)
(110, 358)
(112, 358)
(112, 358)
(112, 358)
(112, 358)
(112, 358)
(112, 358)
(112, 358)
(112, 358)
(112, 358)
(112, 358)
(112, 358)
(112, 358)
(112, 358)
(112, 358)
(112, 358)
(112, 358)
(112, 358)
(126, 351)
(126, 351)
(126, 351)
(126, 351)
(126, 351)
(122, 355)
(122, 355)
(122, 355)
(121, 361)
(125, 364)
(125, 364)
(125, 363)
(125, 363)
(125, 362)
(125, 362)
(125, 361)
(125, 361)
(125, 361)
(125, 360)
(125, 360)
(125, 360)
(125, 360)
(125, 360)
(125, 360)
(125, 360)
(125, 360)
(125, 360)
(125, 360)
(125, 360)
(125, 360)
(125, 360)
(125, 360)
(125, 360)
(125, 360)
(125, 360)
(125, 360)
(125, 360)
(125, 360)
(125, 360)
(125, 360)
(125, 360)
(125, 360)
(125, 360)
(125, 360)
(125, 360)
(125, 360)
(125, 360)
(125, 360)
(125, 360)
(125, 360)
(125, 360)
(125, 360)
(125, 360)
(125, 360)
(125, 360)
(125, 360)
(125, 360)
(125, 360)
(125, 360)
(125, 360)
(125, 360)
(125, 360)
(125, 360)
(125, 360)
(125, 360)
(125, 360)
(125, 360)
(125, 360)
(125, 360)
(125, 360)
(125, 360)
(125, 360)
(125, 360)
(125, 360)
(125, 360)
(125, 360)
(125, 360)
(125, 360)
(125, 360)
(125, 360)
(125, 360)
(125, 360)
(125, 360)
(125, 360)
(125, 360)
(125, 360)
(125, 360)
(125, 360)
(125, 360)
(125, 360)
(125, 360)
(125, 360)
(125, 360)
(125, 360)
(125, 360)
(125, 360)
(125, 360)
(125, 360)
(125, 360)
(125, 360)
(125, 360)
(125, 360)
(125, 360)
(125, 360)
(125, 360)
(125, 360)
(125, 360)
(125, 360)
(125, 360)
(125, 360)
(125, 360)
(125, 360)
(125, 360)
(125, 360)
(125, 360)
(125, 360)
(125, 360)
(125, 360)
(125, 360)
(125, 360)
(125, 360)
(125, 360)
(125, 360)
(125, 360)
(125, 360)
(125, 360)
(125, 360)
(125, 360)
(125, 360)
(125, 360)
(125, 360)
(125, 360)
(125, 360)
(125, 360)
(125, 360)
(125, 360)
(125, 360)
(125, 360)
(125, 360)
(125, 360)
(125, 360)
(125, 360)
(125, 360)
(125, 360)
(125, 360)
(125, 360)
(125, 360)
(125, 360)
(125, 360)
(125, 360)
(125, 360)
(125, 360)
(125, 360)
(125, 360)
(125, 360)
(125, 360)
(125, 360)
(125, 360)
(125, 360)
(125, 360)
(125, 360)
(125, 360)
(125, 360)
(125, 360)
(125, 360)
(125, 360)
(125, 360)
(125, 360)
(125, 360)
(125, 360)
(125, 360)
(125, 360)
(125, 360)
(125, 360)
(125, 360)
(125, 360)
(125, 360)
(125, 360)
(125, 360)
(125, 360)
(125, 360)
(125, 360)
(125, 360)
(125, 360)
(125, 360)
(125, 360)
(137, 323)
(144, 323)
(144, 346)
(145, 329)
(146, 331)
(147, 331)
(148, 332)
(148, 332)
(149, 333)
(148, 332)
(150, 332)
(150, 333)
(150, 334)
(150, 334)
(150, 334)
(150, 334)
(150, 334)
(150, 334)
(150, 334)
(150, 334)
(150, 334)
(150, 334)
(150, 334)
(150, 334)
(150, 334)
(149, 334)
(149, 334)
(149, 333)
(149, 332)
(149, 330)
(147, 320)
(148, 318)
(147, 316)
(146, 315)
(145, 315)
(144, 315)
(141, 316)
(120, 317)
(118, 320)
(131, 322)
(117, 324)
(117, 324)
(120, 327)
(120, 328)
(120, 329)
(120, 329)
(120, 329)
(120, 329)
(120, 329)
(120, 329)
(120, 329)
(120, 329)
(120, 329)
(120, 329)
(120, 329)
(120, 329)
(120, 329)
(120, 329)
(120, 329)
(120, 329)
(120, 329)
(120, 329)
(120, 329)
(120, 329)
(120, 329)
(120, 329)
(120, 329)
(120, 329)
(120, 329)
(120, 329)
(120, 329)
(120, 329)
(120, 329)
(120, 329)
(120, 329)
(120, 329)
(120, 329)
(120, 329)
(120, 329)
(120, 329)
(120, 329)
(120, 329)
(120, 329)
(120, 329)
(120, 329)
(120, 329)
(120, 329)
(120, 329)
(120, 329)
(120, 329)
(120, 329)
(120, 329)
(120, 329)
(120, 329)
(120, 329)
(120, 329)
(120, 329)
(120, 329)
(120, 329)
(120, 329)
(120, 329)
(120, 329)
(120, 329)
(120, 329)
(120, 329)
(120, 329)
(120, 329)
(120, 329)
(120, 329)
(120, 329)
(120, 329)
(120, 329)
(120, 329)
(120, 329)
(120, 329)
(120, 329)
(120, 329)
(120, 329)
(120, 329)
(120, 329)
(120, 329)
(120, 329)
(120, 329)
(120, 329)
(120, 329)
(120, 329)
(120, 329)
(120, 329)
(120, 329)
(120, 329)
(120, 329)
(120, 329)
(120, 329)
(120, 329)
(120, 329)
(120, 329)
(120, 329)
(120, 329)
(120, 329)
(120, 329)
(120, 329)
(120, 329)
(120, 329)
(120, 329)
(120, 329)
(120, 329)
(120, 329)
(120, 329)
(120, 329)
(120, 329)
(120, 329)
(120, 329)
(120, 329)
(120, 329)
(120, 329)
(120, 329)
(120, 329)
(120, 329)
(120, 329)
(120, 329)
(120, 329)
(120, 329)
(120, 329)
(120, 329)
(120, 329)
(120, 329)
(120, 329)
(120, 329)
(120, 329)
(120, 329)
(120, 329)
(120, 329)
(120, 329)
(120, 329)
(120, 329)
(120, 329)
(120, 329)
(120, 329)
(120, 329)
(120, 329)
(120, 329)
(120, 329)
(120, 329)
(120, 329)
(120, 329)
(120, 329)
(120, 329)
(120, 329)
(120, 329)
(120, 329)
(120, 329)
(120, 329)
(120, 329)
(120, 329)
(120, 329)
(120, 329)
(120, 329)
(120, 329)
(120, 329)
(120, 329)
(120, 329)
(120, 329)
(120, 329)
(120, 329)
(120, 329)
(120, 329)
(120, 329)
(120, 329)
(120, 329)
(120, 329)
(120, 329)
(120, 329)
(120, 329)
(120, 329)
(120, 329)
(120, 329)
(120, 329)
(120, 329)
(120, 329)
(120, 329)
(120, 329)
(120, 329)
(120, 329)
(120, 329)
(120, 329)
(120, 329)
(120, 329)
(120, 329)
(120, 329)
(120, 329)
(120, 329)
(120, 329)
(120, 329)
(120, 329)
(120, 329)
(120, 329)
(120, 329)
(120, 329)
(120, 329)
(120, 329)
(120, 329)
(120, 329)
(120, 329)
(120, 329)
(120, 329)
(120, 329)
(120, 329)
(120, 329)
(120, 329)
(120, 329)
(120, 329)
(120, 329)
(120, 329)
(120, 329)
(120, 329)
(120, 329)
(120, 329)
(120, 329)
(120, 329)
(120, 329)
(120, 329)
(120, 329)
(120, 329)
(120, 329)
(120, 329)
(120, 329)
(120, 329)
(120, 329)
(120, 329)
(120, 329)
(120, 329)
(120, 329)
(120, 329)
(120, 329)
(120, 329)
(120, 329)
(120, 329)
(120, 329)
(120, 329)
(120, 329)
(120, 329)
(120, 329)
(120, 329)
(120, 329)
(120, 329)
(120, 329)
(120, 329)
(120, 329)
(120, 329)
(120, 329)
(120, 329)
(120, 329)
(120, 329)
(120, 329)
(120, 329)
(120, 329)
(120, 329)
(120, 329)
(120, 329)
(120, 329)
(120, 329)
(120, 329)
(120, 329)
(120, 329)
(120, 329)
(120, 329)
(120, 329)
(120, 329)
(120, 329)
(120, 329)
(120, 329)
(120, 329)
(120, 329)
(120, 329)
(120, 329)
(120, 329)
(120, 329)
(120, 329)
(120, 329)
(120, 329)
(120, 329)
(120, 329)
(120, 329)
(120, 329)
(120, 329)
(120, 329)
(120, 329)
(120, 329)
(120, 329)
(120, 329)
(120, 329)
(120, 329)
(120, 329)
(120, 329)
(120, 329)
(120, 329)
(120, 329)
(120, 329)
(120, 329)
(120, 329)
(120, 329)
(120, 329)
(120, 329)
(120, 329)
(120, 329)
(120, 329)
(120, 329)
(120, 329)
(120, 329)
(120, 329)
(120, 329)
(120, 329)
(120, 329)
(120, 329)
(120, 329)
(120, 329)
(120, 329)
(120, 329)
(120, 329)
(120, 329)
(120, 329)
(120, 329)
(120, 329)
(120, 329)
(120, 329)
(120, 329)
(120, 329)
(120, 329)
(120, 329)
(120, 329)
(120, 329)
(120, 329)
(120, 329)
(120, 329)
(120, 329)
(120, 329)
(120, 329)
(120, 329)
(120, 329)
(120, 329)
(120, 329)
(120, 329)
(120, 329)
(120, 329)
(120, 329)
(120, 329)
(120, 329)
(110, 370)
(111, 371)
(133, 371)
(113, 370)
(113, 370)
(113, 370)
(115, 370)
(116, 370)
(116, 368)
(117, 368)
(117, 368)
(143, 358)
(143, 358)
(117, 368)
(117, 368)
(150, 358)
(149, 358)
(149, 357)
(148, 356)
(147, 354)
(147, 353)
(146, 351)
(145, 350)
(145, 350)
(145, 350)
(145, 350)
(145, 350)
(145, 350)
(145, 350)
(145, 350)
(142, 340)
(142, 340)
(142, 340)
(142, 340)
(142, 340)
(142, 340)
(142, 340)
(142, 340)
(142, 340)
(142, 340)
(142, 340)
(142, 340)
(142, 340)
(142, 340)
(142, 340)
(142, 340)
(142, 340)
(142, 340)
(142, 340)
(142, 340)
(142, 340)
(142, 340)
(142, 340)
(142, 340)
(142, 340)
(142, 340)
(142, 340)
(142, 340)
(142, 340)
(142, 340)
(142, 340)
(142, 340)
(142, 340)
(142, 340)
(142, 340)
(142, 340)
(142, 340)
(142, 340)
(142, 340)
(142, 340)
(142, 340)
(142, 340)
(142, 340)
(142, 340)
(223, 345)
(223, 345)
(223, 345)
(201, 344)
(201, 344)
(201, 344)
(201, 344)
(201, 344)
(201, 344)
(201, 344)
(201, 344)
(201, 344)
(215, 344)
(215, 344)
(215, 344)
(201, 344)
(201, 344)
(217, 344)
(217, 344)
(217, 344)
(217, 344)
(221, 345)
(228, 346)
(228, 346)
(228, 346)
(228, 346)
(228, 346)
(228, 346)
(229, 346)
(229, 346)
(229, 346)
(229, 346)
(229, 346)
(229, 346)
(229, 346)
(229, 346)
(229, 346)
(229, 346)
(229, 346)
(229, 346)
(229, 346)
(229, 346)
(229, 346)
(229, 346)
(229, 346)
(229, 346)
(229, 346)
(229, 346)
(229, 346)
(229, 346)
(229, 346)
(229, 346)
(229, 346)
(229, 346)
(229, 346)
(229, 346)
(229, 346)
(229, 346)
(229, 346)
(229, 346)
(229, 346)
(229, 346)
(229, 346)
(229, 346)
(229, 346)
(229, 346)
(229, 346)
(229, 346)
(229, 346)
(229, 346)
(229, 346)
(229, 346)
(229, 346)
(229, 346)
(229, 346)
(229, 346)
(229, 346)
(229, 346)
(229, 346)
(229, 346)
(229, 346)
(229, 346)
(229, 346)
(229, 346)
(229, 346)
(229, 346)
(229, 346)
(229, 346)
(229, 346)
(229, 346)
(229, 346)
(229, 346)
(229, 346)
(229, 346)
(229, 346)
(229, 346)
(229, 346)
(229, 346)
(229, 346)
(229, 346)
(229, 346)
(229, 346)
(229, 346)
(229, 346)
(229, 346)
(229, 346)
(229, 346)
(229, 346)
(229, 346)
(229, 346)
(229, 346)
(229, 346)
(229, 346)
(229, 346)
(229, 346)
(229, 346)
(229, 346)
(229, 346)
(229, 346)
(229, 346)
(123, 337)
(123, 337)
(123, 337)
(123, 337)
(123, 337)
(123, 337)
(123, 337)
(123, 337)
(122, 335)
(122, 335)
(122, 335)
(122, 335)
(122, 335)
(1024, 270)
(1024, 269)
(1023, 269)
(1022, 269)
(1018, 266)
(1017, 266)
(1013, 269)
(1011, 276)
(1008, 278)
(1006, 281)
(1001, 287)
(1004, 285)
(1004, 285)
(1004, 284)
(1004, 283)
(1004, 282)
(1004, 282)
(1004, 281)
(1004, 283)
(1004, 283)
(1003, 281)
(1003, 281)
(1003, 281)
(1003, 283)
(1003, 285)
(1003, 287)
(1002, 290)
(999, 293)
(997, 298)
(997, 301)
(997, 301)
(226, 326)
(230, 324)
(238, 324)
(243, 326)
(997, 309)
(997, 310)
(997, 311)
(997, 311)
(997, 311)
(997, 312)
(997, 316)
(294, 330)
(294, 330)
(1045, 266)
(1047, 266)
(1047, 266)
(391, 309)
(412, 308)
(997, 321)
(997, 327)
(443, 322)
(454, 330)
(466, 335)
(997, 334)
(997, 333)
(996, 331)
(995, 316)
(993, 316)
(990, 316)
(989, 328)
(987, 312)
(986, 311)
(984, 309)
(982, 307)
(981, 305)
(978, 301)
(977, 300)
(974, 298)
(972, 295)
(970, 292)
(968, 289)
(966, 265)
(965, 261)
(965, 259)
(964, 255)
(964, 246)
(964, 243)
(960, 224)
(952, 219)
(946, 214)
(925, 209)
(883, 281)
(868, 278)
(856, 262)
(849, 251)
(848, 244)
(841, 236)
(835, 232)
(828, 228)
(823, 227)
(817, 232)
